[gd_scene format=3 uid="uid://b4l6tkceuqx73"]

[ext_resource type="Script" uid="uid://cvah6hrjahtbf" path="res://Scripts/char_model.gd" id="1_uebvp"]

[sub_resource type="BoxMesh" id="BoxMesh_uebvp"]
size = Vector3(1.51, 0.455, 0.265)

[sub_resource type="StandardMaterial3D" id="StandardMaterial3D_j3e7b"]
albedo_color = Color(0.59813, 0.99721104, 0.9238513, 1)

[sub_resource type="BoxMesh" id="BoxMesh_m6jr0"]
material = SubResource("StandardMaterial3D_j3e7b")
size = Vector3(0.135, 0.165, 0.735)

[sub_resource type="SphereMesh" id="SphereMesh_cwoyp"]

[sub_resource type="StandardMaterial3D" id="StandardMaterial3D_cwoyp"]
albedo_color = Color(0.47000003, 1, 0.6908334, 1)

[sub_resource type="StandardMaterial3D" id="StandardMaterial3D_c0nqx"]
albedo_color = Color(0.59813, 0.99721104, 0.9238513, 1)

[sub_resource type="BoxMesh" id="BoxMesh_1r01a"]
material = SubResource("StandardMaterial3D_c0nqx")
size = Vector3(0.135, 0.165, 0.735)

[sub_resource type="StandardMaterial3D" id="StandardMaterial3D_gy5hj"]
albedo_color = Color(0.47000003, 0.6908334, 1, 1)

[sub_resource type="StandardMaterial3D" id="StandardMaterial3D_kbb0h"]
albedo_color = Color(0.94750005, 1, 0.37, 1)

[sub_resource type="StandardMaterial3D" id="StandardMaterial3D_4uij5"]
shading_mode = 0

[sub_resource type="CapsuleMesh" id="CapsuleMesh_kbb0h"]
height = 4.098

[node name="Root" type="Node3D" unique_id=575523289]
script = ExtResource("1_uebvp")

<<<<<<< Updated upstream
[node name="robot" parent="." unique_id=1388112675 instance=ExtResource("2_j3e7b")]

[node name="Skeleton3D" parent="robot/Armature" index="0"]
bones/7/rotation = Quaternion(0.082354225, -0.003625113, 0.8953673, -0.4376325)
bones/13/rotation = Quaternion(0.06150032, -0.67373466, 0.7320791, -0.07974681)

[node name="hand_R" parent="robot/Armature/Skeleton3D" index="4"]
transform = Transform3D(-0.54225594, 0.7878201, 0.29205704, -0.8398182, -0.4975475, -0.21714446, -0.02575856, -0.3630228, 0.931424, 3.8718076, -0.11664879, -0.0069588423)
visible = false

[node name="forearm_R" parent="robot/Armature/Skeleton3D" index="5"]
transform = Transform3D(-0.5917812, 0.7766842, 0.2157683, -0.8060783, -0.5682919, -0.16517177, -0.0056669563, -0.2716718, 0.96237326, 2.5494578, 0.8509007, 0.45557797)

[node name="upperarm_R" parent="robot/Armature/Skeleton3D" index="6"]
transform = Transform3D(-0.57668096, 0.80444735, 0.14248827, -0.8043066, -0.5896296, 0.0736717, 0.14328031, -0.07211922, 0.9870509, 1.2680218, 1.7901452, 0.57045954)

[node name="foot_R" parent="robot/Armature/Skeleton3D" index="12"]
transform = Transform3D(0.9413349, -0.08911017, -0.32549658, 0.31875807, -0.081962414, 0.9442853, -0.11082398, -0.9926433, -0.04874938, 0.5114651, -4.399904, 0.51731914)

[node name="lowerleg_R" parent="robot/Armature/Skeleton3D" index="13"]
transform = Transform3D(-0.9793053, -0.015461386, 0.20179656, 0.017246475, -0.99982584, 0.0070906803, 0.20165183, 0.01042413, 0.97940165, 0.5202543, -2.5228143, 0.52134055)

[node name="thigh_R" parent="robot/Armature/Skeleton3D" index="14"]
transform = Transform3D(-0.9797162, 0.033892147, 0.19750252, -0.01741018, -0.99626267, 0.084598646, 0.19963169, 0.07944403, 0.97664493, 0.46780914, -0.98118114, 0.3984076)

[node name="LeftIK" type="SkeletonIK3D" parent="robot/Armature/Skeleton3D" index="16" unique_id=1714003936]
transform = Transform3D(0.12375002, 0, -2.3447911e-15, 0, 0.12375002, 0, 2.3447911e-15, 0, 0.12375002, 0, 1.446134, -0.16180757)
root_bone = &"thigh.L"
tip_bone = &"foot.L"
use_magnet = true
magnet = Vector3(-1.77, -2.335, -3.32)
target_node = NodePath("../../../../LeftFoot")

[node name="LeftHandIK" type="SkeletonIK3D" parent="robot/Armature/Skeleton3D" index="17" unique_id=1618720288]
transform = Transform3D(0.33, 0, 0, 0, 0.33, 0, 0, 0, 0.33, 0, 1.446134, -0.16180757)
root_bone = &"upperarm.L"
tip_bone = &"hand.L"
use_magnet = true
magnet = Vector3(-4.955, 2.005, -0.52)
target_node = NodePath("../../../../RHBase/LeftHandTarget")

[node name="RightHandIK" type="SkeletonIK3D" parent="robot/Armature/Skeleton3D" index="18" unique_id=926700166]
transform = Transform3D(0.12375002, 0, -9.3791645e-15, 0, 0.12375002, 0, 9.3791645e-15, 0, 0.12375002, 0, 0, 0)
root_bone = &"upperarm.R"
tip_bone = &"hand.R"
use_magnet = true
magnet = Vector3(4.295, 1.15, 2.41)
target_node = NodePath("../../../../RHBase/RightHandTarget")

[node name="RightIK" type="SkeletonIK3D" parent="robot/Armature/Skeleton3D" index="19" unique_id=232290113]
transform = Transform3D(0.12375, 0, 0, 0, 0.12375, 0, 0, 0, 0.12375, 0, 1.446134, -0.16180757)
root_bone = &"thigh.R"
tip_bone = &"foot.R"
use_magnet = true
magnet = Vector3(0.67, 2, -2)
target_node = NodePath("../../../../RightFoot")

[node name="UpperIK" type="SkeletonIK3D" parent="robot/Armature/Skeleton3D" index="20" unique_id=114472763]
transform = Transform3D(0.12375002, 0, 0, 0, 0.12375002, 0, 0, 0, 0.12375002, 0, 1.446134, -0.16180757)
active = false
influence = 0.271
root_bone = &"spine"
tip_bone = &"head_2"
magnet = Vector3(0, 1.5, 1.39)
target_node = NodePath("../../../../TorsoTarget")

=======
>>>>>>> Stashed changes
[node name="LeftFoot" type="Node3D" parent="." unique_id=1345590147]
transform = Transform3D(0.9999999, 0, 0, 0, 0.9999999, 0, 0, 0, 0.9999999, -0.20002031, 0, 0)
top_level = true

[node name="RightFoot" type="Node3D" parent="." unique_id=2059347641]
transform = Transform3D(1, 0, 0, 0, 1, 0, 0, 0, 1, 0.07659912, -0.03552246, 0.12742615)
top_level = true

[node name="FootTracker" type="Node3D" parent="." unique_id=656936007]
transform = Transform3D(1, 0, 0, 0, 1, 0, 0, 0, 1, 0, 0.13826895, 0)

[node name="Holder" type="Node3D" parent="FootTracker" unique_id=861974782]

[node name="debug" type="MeshInstance3D" parent="FootTracker/Holder" unique_id=1084559009]
mesh = SubResource("BoxMesh_uebvp")

[node name="LeftFootTrack" type="Node3D" parent="FootTracker/Holder" unique_id=74260201]
transform = Transform3D(1, 0, 0, 0, 1, 0, 0, 0, 1, -0.67609996, 0, 0)

[node name="debug" type="MeshInstance3D" parent="FootTracker/Holder/LeftFootTrack" unique_id=502531322]
transform = Transform3D(1, 0, 0, 0, 1, 0, 0, 0, 1, 0, 0, -0.5067749)
mesh = SubResource("BoxMesh_m6jr0")

[node name="Tip" type="Node3D" parent="FootTracker/Holder/LeftFootTrack" unique_id=583808676]
transform = Transform3D(1, 0, 0, 0, 1, 0, 0, 0, 1, 0, 0, -3.697831)

[node name="MeshInstance3D" type="MeshInstance3D" parent="FootTracker/Holder/LeftFootTrack/Tip" unique_id=320115512]
transform = Transform3D(0.39313042, 0, 0, 0, 0.39313042, 0, 0, 0, 0.39313042, 0, 0, 0)
mesh = SubResource("SphereMesh_cwoyp")
surface_material_override/0 = SubResource("StandardMaterial3D_cwoyp")

[node name="RightFootTrack" type="Node3D" parent="FootTracker/Holder" unique_id=1894514497]
transform = Transform3D(1, 0, 0, 0, 1, 0, 0, 0, 1, 0.68333846, 0, 0)

[node name="debug" type="MeshInstance3D" parent="FootTracker/Holder/RightFootTrack" unique_id=1408829163]
transform = Transform3D(1, 0, 0, 0, 1, 0, 0, 0, 1, 0, 0, -0.5067749)
mesh = SubResource("BoxMesh_1r01a")

[node name="Tip" type="Node3D" parent="FootTracker/Holder/RightFootTrack" unique_id=1745299917]
transform = Transform3D(1, 0, 0, 0, 1, 0, 0, 0, 1, 0, 0, -3.697831)

[node name="MeshInstance3D" type="MeshInstance3D" parent="FootTracker/Holder/RightFootTrack/Tip" unique_id=1709235037]
transform = Transform3D(0.39313042, 0, 0, 0, 0.39313042, 0, 0, 0, 0.39313042, 0, 0, 0)
mesh = SubResource("SphereMesh_cwoyp")
surface_material_override/0 = SubResource("StandardMaterial3D_gy5hj")

[node name="RHBase" type="Node3D" parent="." unique_id=1489644373]
transform = Transform3D(1, 0, 0, 0, 1, 0, 0, 0, 1, 0.21735764, 1.9243774, 0)

[node name="LeftHandTarget" type="Node3D" parent="RHBase" unique_id=1116484886]
transform = Transform3D(-0.006030038, 0.80768776, -0.5895797, 0.9925822, -0.06675798, -0.10160612, -0.12142517, -0.58581907, -0.80129397, -0.05124736, 0.07529521, -1.1033835)

[node name="RightHandTarget" type="Node3D" parent="RHBase" unique_id=1581826342]
transform = Transform3D(1, 0, 0, 0, 1, 0, 0, 0, 1, 0, 0, -0.57354736)

[node name="GunHolder" type="Node3D" parent="RHBase/RightHandTarget" unique_id=1632601471]
transform = Transform3D(1, 0, 0, 0, 1, 0, 0, 0, 1, 0, 0.14485168, 0.45651245)
visible = false

[node name="TorsoTarget" type="Node3D" parent="." unique_id=86572157]
transform = Transform3D(1, 0, 0, 0, 1, 0, 0, 0, 1, -0.21185303, 1.6420898, -0.5572586)

[node name="debug" type="MeshInstance3D" parent="TorsoTarget" unique_id=1741912845]
transform = Transform3D(0.313, 0, 0, 0, 0.313, 0, 0, 0, 0.313, 0, 0, 0)
mesh = SubResource("SphereMesh_cwoyp")
skeleton = NodePath("../../Tip")
surface_material_override/0 = SubResource("StandardMaterial3D_kbb0h")

[node name="Reset" type="Timer" parent="." unique_id=2142176493]
process_callback = 0
autostart = true

[node name="Step" type="Timer" parent="." unique_id=802305049]
wait_time = 0.1
one_shot = true

[node name="MeshInstance3D" type="MeshInstance3D" parent="." unique_id=713233208]
transform = Transform3D(1, 0, 0, 0, 1, 0, 0, 0, 1, 0, 1.9635925, 0)
visible = false
material_override = SubResource("StandardMaterial3D_4uij5")
mesh = SubResource("CapsuleMesh_kbb0h")

[connection signal="timeout" from="Reset" to="." method="make_step"]
[connection signal="timeout" from="Step" to="." method="make_step"]
