[gd_scene format=3 uid="uid://b4l6tkceuqx73"]

[ext_resource type="Script" uid="uid://cvah6hrjahtbf" path="res://Scripts/char_model.gd" id="1_uebvp"]
[ext_resource type="PackedScene" uid="uid://dkvmsnxxhkb3h" path="res://Scenes/robot_v_3.tscn" id="2_uebvp"]

[sub_resource type="CylinderMesh" id="CylinderMesh_uebvp"]
top_radius = 0.2
bottom_radius = 0.1
height = 3.0

[sub_resource type="StandardMaterial3D" id="StandardMaterial3D_3e17n"]
albedo_color = Color(0.16924527, 0.1692453, 0.16924527, 1)

[sub_resource type="JointLimitationCone3D" id="JointLimitationCone3D_1r01a"]
angle = 2.8340657

[sub_resource type="JointLimitationCone3D" id="JointLimitationCone3D_c0nqx"]
angle = 2.567903

[sub_resource type="JointLimitationCone3D" id="JointLimitationCone3D_3e17n"]
angle = 0.3790855

[sub_resource type="JointLimitationCone3D" id="JointLimitationCone3D_uebvp"]
angle = 0.437205

[sub_resource type="JointLimitationCone3D" id="JointLimitationCone3D_j3e7b"]
angle = 0.4108505

[sub_resource type="JointLimitationCone3D" id="JointLimitationCone3D_m6jr0"]
angle = 3.5410986

[sub_resource type="JointLimitationCone3D" id="JointLimitationCone3D_3fbqc"]
angle = 2.1786945

[sub_resource type="Animation" id="Animation_uebvp"]
resource_name = "hands.idle"
tracks/0/type = "position_3d"
tracks/0/imported = false
tracks/0/enabled = true
tracks/0/path = NodePath("SwingPath/SwingPathFollow/RightHandTarget")
tracks/0/interp = 1
tracks/0/loop_wrap = true
tracks/0/keys = PackedFloat32Array()

[sub_resource type="AnimationLibrary" id="AnimationLibrary_j3e7b"]
_data = {
&"hands.idle": SubResource("Animation_uebvp")
}

[sub_resource type="Curve3D" id="Curve3D_uebvp"]
_data = {
"points": PackedVector3Array(0, 0.065, 1.565, 2.095, 0, -4.16, 3.3187003, 6.5361266, 0.20716763, 0, 0, -5.345, 4.185, 0.7, 4.565, -1.184125, 5.147714, -0.9189338),
"tilts": PackedFloat32Array(0.8237954, 1.3334316)
}
point_count = 2

[sub_resource type="SphereMesh" id="SphereMesh_cwoyp"]

[sub_resource type="StandardMaterial3D" id="StandardMaterial3D_uebvp"]
albedo_color = Color(0.4883597, 0.6255702, 0.55832, 1)

[sub_resource type="StandardMaterial3D" id="StandardMaterial3D_m6jr0"]
albedo_color = Color(1, 0, 0, 1)

[sub_resource type="StandardMaterial3D" id="StandardMaterial3D_1r01a"]
albedo_color = Color(0.9986214, 0.27554232, 0.46968883, 1)

[sub_resource type="StandardMaterial3D" id="StandardMaterial3D_3fbqc"]
albedo_color = Color(0.3, 0.3349998, 1, 1)

[sub_resource type="StandardMaterial3D" id="StandardMaterial3D_j3e7b"]
albedo_color = Color(0.59813, 0.99721104, 0.9238513, 1)

[sub_resource type="BoxMesh" id="BoxMesh_m6jr0"]
material = SubResource("StandardMaterial3D_j3e7b")
size = Vector3(0.135, 0.82, 0.16)

[sub_resource type="BoxMesh" id="BoxMesh_uebvp"]
size = Vector3(1.51, 0.455, 0.265)

[sub_resource type="StandardMaterial3D" id="StandardMaterial3D_cwoyp"]
albedo_color = Color(0.47000003, 1, 0.6908334, 1)

[sub_resource type="Curve3D" id="Curve3D_j3e7b"]
_data = {
"points": PackedVector3Array(0, 0, 0, 0, 1, 0, 2.6226044e-06, -0.010840476, 2.7390952, 0, 1, 0, 0, 0, 0, 2.6226044e-06, 0.006402731, -2.623523),
"tilts": PackedFloat32Array(0, 0)
}
point_count = 2

[sub_resource type="StandardMaterial3D" id="StandardMaterial3D_c0nqx"]
albedo_color = Color(0.59813, 0.99721104, 0.9238513, 1)

[sub_resource type="BoxMesh" id="BoxMesh_1r01a"]
material = SubResource("StandardMaterial3D_c0nqx")
size = Vector3(0.135, 0.165, 0.735)

[sub_resource type="StandardMaterial3D" id="StandardMaterial3D_gy5hj"]
albedo_color = Color(0.47000003, 0.6908334, 1, 1)

[sub_resource type="StandardMaterial3D" id="StandardMaterial3D_4uij5"]
shading_mode = 0

[sub_resource type="CapsuleMesh" id="CapsuleMesh_kbb0h"]
height = 4.098

[sub_resource type="SphereMesh" id="SphereMesh_uebvp"]

[sub_resource type="StandardMaterial3D" id="StandardMaterial3D_xfmme"]
albedo_color = Color(0.2520276, 0.25202766, 0.25202763, 1)

[node name="Root" type="Node3D" unique_id=575523289]
script = ExtResource("1_uebvp")
swing_angle_factor = 0.4
swing_angle_factor_height = 3.42
stride_time = 0.295
stride_length = 0.19
speed = 5.575
direction = 0.69
step_time = 0.63
step_speed_factor = 0.415
test_walk = true
swing_time = 1.285

[node name="Model" parent="." unique_id=1730852723 instance=ExtResource("2_uebvp")]
transform = Transform3D(1, 0, 0, 0, 1, 0, 0, 0, 1, 0, -0.26, 0)

[node name="Skeleton3D" parent="Model/Armature" index="0"]
bones/7/rotation = Quaternion(0.082354225, -0.003625113, 0.8953673, -0.4376325)
bones/13/rotation = Quaternion(0.06150032, -0.67373466, 0.7320791, -0.07974681)

[node name="hand_L" parent="Model/Armature/Skeleton3D" index="0"]
transform = Transform3D(-0.94432867, 0.32864305, 0.015375039, -0.32081586, -0.9301845, 0.1784201, 0.07293817, 0.16355468, 0.9838342, -1.1943432, -1.2826171, 1.0026889)

[node name="forearm_L" parent="Model/Armature/Skeleton3D" index="1"]
transform = Transform3D(-0.9205444, 0.3906274, 0.0027657598, -0.38134006, -0.90014803, 0.21050659, 0.084719256, 0.19272602, 0.9775885, -1.8594091, 0.24993753, 0.67456156)

[node name="upperarm_L" parent="Model/Armature/Skeleton3D" index="2"]
transform = Transform3D(-0.93097395, -0.33495045, 0.1452414, 0.32796785, -0.9420666, -0.07033823, 0.1603869, -0.017848551, 0.98689276, -1.3258524, 1.750593, 0.70299315)

[node name="head_2" parent="Model/Armature/Skeleton3D" index="3"]
transform = Transform3D(0.9905009, -0.023915876, -0.13540867, 0.0017386884, 0.98685783, -0.16158047, 0.1374935, 0.15981019, 0.97752553, -0.106970005, 2.1959822, 0.8399534)

[node name="hand_R" parent="Model/Armature/Skeleton3D" index="4"]
transform = Transform3D(0.6226266, 0.39552236, 0.67520213, -0.5762078, 0.8155432, 0.053608246, -0.52945334, -0.4224346, 0.73568195, 3.3195617, 2.1552637, 0.6968262)

[node name="Cube_005" parent="Model/Armature/Skeleton3D/hand_R" index="0"]
transform = Transform3D(0.28646556, -0.0002109753, 0.00709638, 0.0008786563, -0.54000086, -0.011250939, -0.013347484, -0.040075906, 0.15156288, -0.018039227, 0.5688677, 0.038938403)
visible = false

[node name="Weapon" type="Node3D" parent="Model/Armature/Skeleton3D/hand_R" index="1" unique_id=313081003]
transform = Transform3D(0.63388425, -0.6494984, 0.41998526, 0.4873351, 0.75698143, 0.4353569, -0.6005375, -0.071274795, 0.7965976, 0, 0, 0)

[node name="Sword" type="MeshInstance3D" parent="Model/Armature/Skeleton3D/hand_R/Weapon" unique_id=466842572]
transform = Transform3D(0.9999999, -3.7252903e-09, 0, 0, -0.015114018, -0.9998858, 0, 0.9998858, -0.015114018, 0.00014418348, 0.03823757, 1.3177433)
mesh = SubResource("CylinderMesh_uebvp")
skeleton = NodePath("../..")
surface_material_override/0 = SubResource("StandardMaterial3D_3e17n")

[node name="forearm_R" parent="Model/Armature/Skeleton3D" index="5"]
transform = Transform3D(0.5943488, 0.49777114, 0.6316432, -0.6266808, 0.778902, -0.024140496, -0.5040046, -0.3814908, 0.7748832, 2.4720778, 0.8291382, 1.3463361)

[node name="upperarm_R" parent="Model/Armature/Skeleton3D" index="6"]
transform = Transform3D(-0.586667, 0.782535, -0.20847167, -0.8082527, -0.5818417, 0.09048644, -0.050488696, 0.22158328, 0.97383344, 1.225547, 1.755977, 0.9933673)

[node name="upperspine" parent="Model/Armature/Skeleton3D" index="7"]
transform = Transform3D(0.99269545, -0.048817806, -0.11032815, 0.030901935, 0.9868564, -0.15861726, 0.11662142, 0.15404928, 0.9811566, -0.029855013, 0.6370958, 0.5966097)

[node name="spine" parent="Model/Armature/Skeleton3D" index="8"]
transform = Transform3D(0.99914545, -0.041192077, -0.0033802092, 0.040899727, 0.9971965, -0.06266141, 0.005951883, 0.0624696, 0.9980292, 0.03521402, -0.9381242, 0.49792972)

[node name="foot_L" parent="Model/Armature/Skeleton3D" index="9"]
transform = Transform3D(0.99997425, 0.00082552433, -0.007142164, 0.005099699, 0.6187751, 0.7855515, 0.005067855, -0.78556794, 0.6187547, -1.824575, -3.7678785, -0.8668083)

[node name="lowerleg_L" parent="Model/Armature/Skeleton3D" index="10"]
transform = Transform3D(-0.89594215, -0.36514908, -0.25288975, 0.4108928, -0.89759016, -0.15968166, -0.16868381, -0.2469762, 0.9542265, -1.1738031, -2.1571295, -0.33111915)

[node name="thigh_L" parent="Model/Armature/Skeleton3D" index="11"]
transform = Transform3D(-0.82615495, -0.45748326, -0.32890227, 0.55599487, -0.7565222, -0.3443012, -0.09130986, -0.4673142, 0.8793632, -0.46588612, -0.986475, 0.3920103)

[node name="foot_R" parent="Model/Armature/Skeleton3D" index="12"]
transform = Transform3D(0.84764534, 0.002344871, -0.5305579, 0.5129832, -0.25890642, 0.8184223, -0.13544579, -0.9658992, -0.22066367, 1.6032646, -3.8330622, 1.5436234)

[node name="lowerleg_R" parent="Model/Armature/Skeleton3D" index="13"]
transform = Transform3D(-0.977536, 0.20917729, 0.025839433, -0.1524797, -0.78650206, 0.598468, 0.1455087, 0.5810842, 0.8007298, 1.1871355, -2.3492732, 0.47181875)

[node name="thigh_R" parent="Model/Armature/Skeleton3D" index="14"]
transform = Transform3D(-0.86671317, 0.46485645, 0.18087648, -0.44345266, -0.88411385, 0.14728197, 0.22838043, 0.047441114, 0.9724152, 0.46780914, -0.98118114, 0.3984076)

[node name="FootIK" type="CCDIK3D" parent="Model/Armature/Skeleton3D" index="16" unique_id=163275418]
angular_delta_limit = 1.860259183238156
setting_count = 2
settings/0/target_node = NodePath("../../../../LeftFoot")
settings/1/target_node = NodePath("../../../../RightFoot")
settings/0/root_bone_name = "thigh.L"
settings/0/root_bone = 10
settings/0/end_bone_name = "foot.L"
settings/0/end_bone = 12
settings/0/extend_end_bone = true
settings/0/end_bone/direction = 6
settings/0/end_bone/length = 0.178
settings/0/joint_count = 3
settings/1/root_bone_name = "thigh.R"
settings/1/root_bone = 13
settings/1/end_bone_name = "foot.R"
settings/1/end_bone = 15
settings/1/extend_end_bone = true
settings/1/end_bone/direction = 6
settings/1/end_bone/length = 0.109
settings/1/joint_count = 3
settings/0/joints/0/rotation_axis = 3
settings/0/joints/0/limitation = SubResource("JointLimitationCone3D_1r01a")
settings/0/joints/0/limitation/right_axis = 0
settings/0/joints/0/limitation/rotation_offset = Quaternion(0, 0, 0, 1)
settings/0/joints/1/rotation_axis = 4
settings/0/joints/1/rotation_axis_vector = Vector3(1, 0, 0.5)
settings/0/joints/1/limitation = SubResource("JointLimitationCone3D_c0nqx")
settings/0/joints/1/limitation/right_axis = 1
settings/0/joints/1/limitation/rotation_offset = Quaternion(1, 0, 0, 1)
settings/0/joints/2/rotation_axis = 0
settings/0/joints/2/limitation = SubResource("JointLimitationCone3D_3e17n")
settings/0/joints/2/limitation/right_axis = 1
settings/0/joints/2/limitation/rotation_offset = Quaternion(0.34, 0, 0, 1)
settings/1/joints/0/rotation_axis = 3
settings/1/joints/0/limitation = SubResource("JointLimitationCone3D_1r01a")
settings/1/joints/0/limitation/right_axis = 0
settings/1/joints/0/limitation/rotation_offset = Quaternion(0, 0, 0, 1)
settings/1/joints/1/rotation_axis = 4
settings/1/joints/1/rotation_axis_vector = Vector3(1, 0, -0.5)
settings/1/joints/1/limitation = SubResource("JointLimitationCone3D_c0nqx")
settings/1/joints/1/limitation/right_axis = 1
settings/1/joints/1/limitation/rotation_offset = Quaternion(1, 0, 0, 1)
settings/1/joints/2/rotation_axis = 3
settings/1/joints/2/limitation = SubResource("JointLimitationCone3D_3e17n")
settings/1/joints/2/limitation/right_axis = 1
settings/1/joints/2/limitation/rotation_offset = Quaternion(0.33, 0, 0, 1)

[node name="HandIK" type="CCDIK3D" parent="Model/Armature/Skeleton3D" index="17" unique_id=1000835957]
max_iterations = 6
min_distance = 0.109
angular_delta_limit = 3.141592653589793
setting_count = 2
settings/0/target_node = NodePath("../../../SwingPath/SwingPathFollow/RightHandTarget")
settings/1/target_node = NodePath("../../../../LeftHandTarget")
settings/0/root_bone_name = "spine"
settings/0/root_bone = 1
settings/0/end_bone_name = "hand.R"
settings/0/end_bone = 9
settings/0/extend_end_bone = false
settings/0/joint_count = 5
settings/1/root_bone_name = "upperarm.L"
settings/1/root_bone = 3
settings/1/end_bone_name = "hand.L"
settings/1/end_bone = 5
settings/1/extend_end_bone = false
settings/1/joint_count = 3
settings/0/joints/0/rotation_axis = 3
settings/0/joints/0/limitation = SubResource("JointLimitationCone3D_uebvp")
settings/0/joints/0/limitation/right_axis = 0
settings/0/joints/0/limitation/rotation_offset = Quaternion(0, 0, 0, 1)
settings/0/joints/1/rotation_axis = 3
settings/0/joints/1/limitation = SubResource("JointLimitationCone3D_j3e7b")
settings/0/joints/1/limitation/right_axis = 0
settings/0/joints/1/limitation/rotation_offset = Quaternion(0, 0, 0, 1)
settings/0/joints/2/rotation_axis = 3
settings/0/joints/2/limitation = SubResource("JointLimitationCone3D_m6jr0")
settings/0/joints/2/limitation/right_axis = 0
settings/0/joints/2/limitation/rotation_offset = Quaternion(0, 0, 0.655, 1)
settings/0/joints/3/rotation_axis = 3
settings/0/joints/3/limitation = SubResource("JointLimitationCone3D_3fbqc")
settings/0/joints/3/limitation/right_axis = 0
settings/0/joints/3/limitation/rotation_offset = Quaternion(-0.705, 0, 0, 1)
settings/0/joints/4/rotation_axis = 3
settings/0/joints/4/limitation = null
settings/1/joints/0/rotation_axis = 3
settings/1/joints/0/limitation = null
settings/1/joints/1/rotation_axis = 3
settings/1/joints/1/limitation = null
settings/1/joints/2/rotation_axis = 3
settings/1/joints/2/limitation = null

[node name="AnimationPlayer" parent="Model" index="1"]
libraries/ = SubResource("AnimationLibrary_j3e7b")

[node name="SwingPath" type="Path3D" parent="Model" unique_id=661374351]
curve = SubResource("Curve3D_uebvp")
metadata/_edit_lock_ = true

[node name="SwingPathFollow" type="PathFollow3D" parent="Model/SwingPath" unique_id=1034746286]
transform = Transform3D(0.60682195, 0.65530777, -0.44994065, -0.7337164, 0.6794286, 0, 0.305599, 0.33001673, 0.89343834, 3.3187003, 6.5361266, 0.20716763)

[node name="RightHandTarget" type="Node3D" parent="Model/SwingPath/SwingPathFollow" unique_id=1581826342]
transform = Transform3D(0.9999997, 0, 0, 0, 1, 0, 0, 0, 1, 0, 0, 0)
metadata/_edit_group_ = true

[node name="Debubg" type="MeshInstance3D" parent="Model/SwingPath/SwingPathFollow/RightHandTarget" unique_id=1764114094]
transform = Transform3D(0.81, 0, 0, 0, 0.81, 0, 0, 0, 0.81, 0, 0, 0)
mesh = SubResource("SphereMesh_cwoyp")
surface_material_override/0 = SubResource("StandardMaterial3D_uebvp")

[node name="SwingCenter" type="Node3D" parent="Model" unique_id=743549342]
transform = Transform3D(1, 0, 0, 0, 1, 0, 0, 0, 1, 0.02471387, 6.009262, -0.40315843)
metadata/_edit_group_ = true

[node name="Debubg" type="MeshInstance3D" parent="Model/SwingCenter" unique_id=607053555]
transform = Transform3D(0.81, 0, 0, 0, 0.81, 0, 0, 0, 0.81, 0, 0, 0)
mesh = SubResource("SphereMesh_cwoyp")
surface_material_override/0 = SubResource("StandardMaterial3D_m6jr0")

[node name="SwingEnd" type="Node3D" parent="Model" unique_id=1422545649]
transform = Transform3D(1, 0, 0, 0, 1, 0, 0, 0, 1, -1.184125, 3.779714, -0.9189338)
metadata/_edit_group_ = true

[node name="Debubg" type="MeshInstance3D" parent="Model/SwingEnd" unique_id=1932450449]
transform = Transform3D(0.81, 0, 0, 0, 0.81, 0, 0, 0, 0.81, 0, 0, 0)
mesh = SubResource("SphereMesh_cwoyp")
surface_material_override/0 = SubResource("StandardMaterial3D_1r01a")

[node name="SwingStart" type="Node3D" parent="Model" unique_id=890736920]
transform = Transform3D(1, 0, 0, 0, 1, 0, 0, 0, 1, 3.3187003, 7.9041266, 0.20716763)
metadata/_edit_group_ = true

[node name="Debubg" type="MeshInstance3D" parent="Model/SwingStart" unique_id=1431647300]
transform = Transform3D(0.81, 0, 0, 0, 0.81, 0, 0, 0, 0.81, 0, 0, 0)
mesh = SubResource("SphereMesh_cwoyp")
surface_material_override/0 = SubResource("StandardMaterial3D_3fbqc")

[node name="LeftFoot" type="Node3D" parent="." unique_id=1345590147]
transform = Transform3D(1, 0, 0, 0, 1, 0, 0, 0, 1, -1.9597977, 6.039568e-14, -1.5554526)
metadata/_edit_group_ = true

[node name="debug" type="MeshInstance3D" parent="LeftFoot" unique_id=10563328]
transform = Transform3D(1.92, 0, 0, 0, 1.92, 0, 0, 0, 1.92, 0, 0, 0)
mesh = SubResource("BoxMesh_m6jr0")

[node name="RightFoot" type="Node3D" parent="." unique_id=2059347641]
transform = Transform3D(0.99999964, 0, 0, 0, 0.99999976, 0, 0, 0, 0.99999964, 1.6677786, 5.5955017e-14, 1.1927422)
metadata/_edit_group_ = true

[node name="debug" type="MeshInstance3D" parent="RightFoot" unique_id=2044269860]
transform = Transform3D(1.92, 0, 0, 0, 1.92, 0, 0, 0, 1.92, 0, 0, 0)
mesh = SubResource("BoxMesh_m6jr0")

[node name="FootTracker" type="Node3D" parent="." unique_id=656936007]

[node name="Holder" type="Node3D" parent="FootTracker" unique_id=861974782]

[node name="debug" type="MeshInstance3D" parent="FootTracker/Holder" unique_id=1084559009]
mesh = SubResource("BoxMesh_uebvp")

[node name="LeftFootTrack" type="Node3D" parent="FootTracker/Holder" unique_id=74260201]
transform = Transform3D(0.77124554, 0, 0.67425203, 0, 1, 0, -0.63653684, 0, 0.81694233, -0.676028, 6.039568e-14, -2.142025e-06)

[node name="debug" type="MeshInstance3D" parent="FootTracker/Holder/LeftFootTrack" unique_id=502531322]
transform = Transform3D(1, 0, 0, 0, 1, 0, 0, 0, 1, 0, 0, -0.5067749)
mesh = SubResource("BoxMesh_m6jr0")

[node name="Tip" type="Node3D" parent="FootTracker/Holder/LeftFootTrack" unique_id=583808676]
transform = Transform3D(1, 0, 0, 0, 1, 0, 0, 0, 1, 0, 0, -3.698)

[node name="shape" type="MeshInstance3D" parent="FootTracker/Holder/LeftFootTrack/Tip" unique_id=320115512]
transform = Transform3D(0.723, 0, 0, 0, 0.723, 0, 0, 0, 0.723, 0, 0.185, 0)
mesh = SubResource("SphereMesh_cwoyp")
surface_material_override/0 = SubResource("StandardMaterial3D_cwoyp")

[node name="LeftFootPath" type="Path3D" parent="FootTracker/Holder/LeftFootTrack" unique_id=771899845]
visible = false
curve = SubResource("Curve3D_j3e7b")

[node name="LeftPF" type="PathFollow3D" parent="FootTracker/Holder/LeftFootTrack/LeftFootPath" unique_id=501492568]
transform = Transform3D(-4.3704095e-08, 0.999982, 4.3704095e-08, 0, -4.3710603e-08, 0.99983317, 0.99983317, 4.3710603e-08, 1.9103668e-15, 2.6226044e-06, 0.006402731, -2.6235228)
progress = 5.851844

[node name="RightFootTrack" type="Node3D" parent="FootTracker/Holder" unique_id=1894514497]
transform = Transform3D(0.77124554, 0, 0.67425203, 0, 1, 0, -0.63653684, 0, 0.81694233, 0.6833659, 5.5955017e-14, 1.834695e-07)

[node name="debug" type="MeshInstance3D" parent="FootTracker/Holder/RightFootTrack" unique_id=1408829163]
transform = Transform3D(1, 0, 0, 0, 1, 0, 0, 0, 1, 0, 0, -0.5067749)
mesh = SubResource("BoxMesh_1r01a")

[node name="Tip" type="Node3D" parent="FootTracker/Holder/RightFootTrack" unique_id=1745299917]
transform = Transform3D(1, 0, 0, 0, 1, 0, 0, 0, 1, 0, 0, -3.697831)

[node name="shape" type="MeshInstance3D" parent="FootTracker/Holder/RightFootTrack/Tip" unique_id=1709235037]
transform = Transform3D(0.723, 0, 0, 0, 0.723, 0, 0, 0, 0.723, 0, 0.185, 0)
mesh = SubResource("SphereMesh_cwoyp")
surface_material_override/0 = SubResource("StandardMaterial3D_gy5hj")

[node name="RightFootPath" type="Path3D" parent="FootTracker/Holder/RightFootTrack" unique_id=1504790537]
visible = false
curve = SubResource("Curve3D_j3e7b")

[node name="RightPF" type="PathFollow3D" parent="FootTracker/Holder/RightFootTrack/RightFootPath" unique_id=706088320]
transform = Transform3D(-4.3704016e-08, 0.9999818, 4.3704016e-08, 0, -4.3710592e-08, 0.9998313, 0.9998313, 4.3710592e-08, 1.9103632e-15, 2.6226044e-06, 0.006402731, -2.6235228)
progress = 5.851844

[node name="LeftHandTarget" type="Node3D" parent="." unique_id=1116484886]
transform = Transform3D(-0.0060300417, 0.9957001, 0.092439294, 0.9925822, 0.017184677, -0.12035415, -0.121425174, 0.091027915, -0.98841786, -1.1926416, 2.8368711, 0.5131033)

[node name="RHBase" type="Node3D" parent="." unique_id=1489644373]
transform = Transform3D(1, 0, 0, 0, 1, 0, 0, 0, 1, 0.21735764, 1.9243774, 0)

[node name="TorsoTarget" type="Node3D" parent="." unique_id=897762053]
transform = Transform3D(0.99851847, -0.023616511, 0.04902186, 0, 0.90090543, 0.43401542, -0.05441399, -0.4333724, 0.8995707, 0.21735764, 1.9243774, 0)

[node name="Reset" type="Timer" parent="." unique_id=2142176493]
process_callback = 0
one_shot = true

[node name="Reset2" type="Timer" parent="." unique_id=1690515112]
process_callback = 0
wait_time = 2.0
one_shot = true

[node name="Step" type="Timer" parent="." unique_id=802305049]
wait_time = 0.63
one_shot = true

[node name="MeshInstance3D" type="MeshInstance3D" parent="." unique_id=713233208]
transform = Transform3D(1, 0, 0, 0, 1, 0, 0, 0, 1, 0, 1.9635925, 0)
visible = false
material_override = SubResource("StandardMaterial3D_4uij5")
mesh = SubResource("CapsuleMesh_kbb0h")

[node name="AimTarget" type="MeshInstance3D" parent="." unique_id=1806336660]
transform = Transform3D(1, 0, 0, 0, 1, 0, 0, 0, 1, 0, 0, -3.9885993)
mesh = SubResource("SphereMesh_uebvp")
surface_material_override/0 = SubResource("StandardMaterial3D_xfmme")

[connection signal="timeout" from="Reset" to="." method="make_step"]
[connection signal="timeout" from="Reset2" to="." method="make_step"]
[connection signal="timeout" from="Step" to="." method="make_step"]

[editable path="Model"]
