[gd_scene format=3 uid="uid://b4l6tkceuqx73"]

[ext_resource type="Script" uid="uid://cvah6hrjahtbf" path="res://Scripts/char_model.gd" id="1_uebvp"]
[ext_resource type="PackedScene" uid="uid://dublyjb6msfyd" path="res://Alien_v1.glb" id="2_j3e7b"]
[ext_resource type="PackedScene" uid="uid://dkvmsnxxhkb3h" path="res://Scenes/robot_v_3.tscn" id="2_uebvp"]

[sub_resource type="CylinderMesh" id="CylinderMesh_uebvp"]
top_radius = 0.2
bottom_radius = 0.1
height = 3.0

[sub_resource type="StandardMaterial3D" id="StandardMaterial3D_3e17n"]
albedo_color = Color(0.16924527, 0.1692453, 0.16924527, 1)

[sub_resource type="JointLimitationCone3D" id="JointLimitationCone3D_xfmme"]
angle = 2.4893632

[sub_resource type="JointLimitationCone3D" id="JointLimitationCone3D_o5lns"]
angle = 2.104518

[sub_resource type="JointLimitationCone3D" id="JointLimitationCone3D_bffwf"]
angle = 1.2744395

[sub_resource type="JointLimitationCone3D" id="JointLimitationCone3D_rs37q"]
angle = 0.65240407

[sub_resource type="JointLimitationCone3D" id="JointLimitationCone3D_3s3pc"]
angle = 0.97790796

[sub_resource type="JointLimitationCone3D" id="JointLimitationCone3D_kxy0l"]
angle = 1.3337806

[sub_resource type="JointLimitationCone3D" id="JointLimitationCone3D_m3664"]
angle = 4.2678537

[sub_resource type="JointLimitationCone3D" id="JointLimitationCone3D_bq28y"]
angle = 2.1043434

[sub_resource type="JointLimitationCone3D" id="JointLimitationCone3D_42j00"]
angle = 0.47403142

[sub_resource type="JointLimitationCone3D" id="JointLimitationCone3D_kbfay"]
angle = 3.586128

[sub_resource type="JointLimitationCone3D" id="JointLimitationCone3D_covbs"]
angle = 2.1340141

[sub_resource type="SphereMesh" id="SphereMesh_cwoyp"]

[sub_resource type="StandardMaterial3D" id="StandardMaterial3D_uebvp"]
albedo_color = Color(0.4883597, 0.6255702, 0.55832, 1)

[sub_resource type="Curve3D" id="Curve3D_uebvp"]
_data = {
"points": PackedVector3Array(0, 0.065, 1.565, 3.345, 0, -1.92, 0.6033561, 1.9585456, 0.7024795, 0, 0, -2.95, 4.185, 0.7, 4.565, -1.078675, 1.3439431, -0.15678725),
"tilts": PackedFloat32Array(0.8237954, 1.3334316)
}
point_count = 2

[sub_resource type="StandardMaterial3D" id="StandardMaterial3D_m6jr0"]
albedo_color = Color(1, 0, 0, 1)

[sub_resource type="StandardMaterial3D" id="StandardMaterial3D_1r01a"]
albedo_color = Color(0.9986214, 0.27554232, 0.46968883, 1)

[sub_resource type="StandardMaterial3D" id="StandardMaterial3D_3fbqc"]
albedo_color = Color(0.3, 0.3349998, 1, 1)

[sub_resource type="JointLimitationCone3D" id="JointLimitationCone3D_1r01a"]
angle = 2.8340657

[sub_resource type="JointLimitationCone3D" id="JointLimitationCone3D_c0nqx"]
angle = 3.1084313

[sub_resource type="JointLimitationCone3D" id="JointLimitationCone3D_3e17n"]
angle = 0.7431612

[sub_resource type="JointLimitationCone3D" id="JointLimitationCone3D_uebvp"]
angle = 0.437205

[sub_resource type="JointLimitationCone3D" id="JointLimitationCone3D_j3e7b"]
angle = 0.4108505

[sub_resource type="JointLimitationCone3D" id="JointLimitationCone3D_m6jr0"]
angle = 3.5410986

[sub_resource type="JointLimitationCone3D" id="JointLimitationCone3D_3fbqc"]
angle = 2.1786945

[sub_resource type="Animation" id="Animation_uebvp"]
resource_name = "hands.idle"
tracks/0/type = "position_3d"
tracks/0/imported = false
tracks/0/enabled = true
tracks/0/path = NodePath("SwingPath/SwingPathFollow/RightHandTarget")
tracks/0/interp = 1
tracks/0/loop_wrap = true
tracks/0/keys = PackedFloat32Array()

[sub_resource type="AnimationLibrary" id="AnimationLibrary_j3e7b"]
_data = {
&"hands.idle": SubResource("Animation_uebvp")
}

[sub_resource type="StandardMaterial3D" id="StandardMaterial3D_j3e7b"]
albedo_color = Color(0.59813, 0.99721104, 0.9238513, 1)

[sub_resource type="BoxMesh" id="BoxMesh_m6jr0"]
material = SubResource("StandardMaterial3D_j3e7b")
size = Vector3(0.075, 0.26, 0.07)

[sub_resource type="BoxMesh" id="BoxMesh_uebvp"]
size = Vector3(0.92, 0.22, 0.265)

[sub_resource type="StandardMaterial3D" id="StandardMaterial3D_c0nqx"]
albedo_color = Color(0.59813, 0.99721104, 0.9238513, 1)

[sub_resource type="BoxMesh" id="BoxMesh_1r01a"]
material = SubResource("StandardMaterial3D_c0nqx")
size = Vector3(0.135, 0.165, 0.735)

[sub_resource type="StandardMaterial3D" id="StandardMaterial3D_cwoyp"]
albedo_color = Color(0.47000003, 1, 0.6908334, 1)

[sub_resource type="Curve3D" id="Curve3D_j3e7b"]
_data = {
"points": PackedVector3Array(0, 0, 0, 0, 1, 0, 2.6226044e-06, -0.010840476, 2.7390952, 0, 1, 0, 0, 0, 0, 2.6226044e-06, 0.006402731, -2.623523),
"tilts": PackedFloat32Array(0, 0)
}
point_count = 2

[sub_resource type="StandardMaterial3D" id="StandardMaterial3D_gy5hj"]
albedo_color = Color(0.47000003, 0.6908334, 1, 1)

[sub_resource type="StandardMaterial3D" id="StandardMaterial3D_4uij5"]
shading_mode = 0

[sub_resource type="CapsuleMesh" id="CapsuleMesh_kbb0h"]
height = 4.098

[sub_resource type="SphereMesh" id="SphereMesh_uebvp"]

[sub_resource type="StandardMaterial3D" id="StandardMaterial3D_xfmme"]
albedo_color = Color(0.2520276, 0.25202766, 0.25202763, 1)

[node name="Root" type="Node3D" unique_id=575523289]
transform = Transform3D(0.9996957, -0.023620198, 0.0071188943, 0.023659974, 0.9997046, -0.005556696, -0.0069855456, 0.0057234326, 0.99995923, 0, 0, 0)
script = ExtResource("1_uebvp")
swing_angle_factor = 0.081
swing_angle_factor_height = 1.1
stride_time = 0.265
stride_length = 0.165
speed = 1.435
direction = 0.055
debug_shapes_on = true
step_speed_factor = 0.655
test_walk = true
swing_time = 0.59

[node name="Model" parent="." unique_id=1637299004 instance=ExtResource("2_j3e7b")]
transform = Transform3D(0.9997043, 0.023716316, -0.0053028543, -0.023716649, 0.99971837, 0, 0.005301361, 0.00012576595, 0.99998593, 0.006712239, -0.34164572, -1.8131686e-05)

[node name="metarig" parent="Model" index="0" unique_id=1789358665]
transform = Transform3D(-1, 0, 1.509958e-07, 0, 1, 0, -1.509958e-07, 0, -1, 0, 0, 0)

[node name="RightHand" type="BoneAttachment3D" parent="Model/metarig/Skeleton3D" parent_id_path=PackedInt32Array(1637299004, 2054398227) index="1" unique_id=1092707248]
transform = Transform3D(-0.058316804, -0.92904913, -0.36533245, 0.55165076, 0.2750159, -0.7874311, 0.83203375, -0.24745645, 0.49647224, -1.3398005, 1.4508389, -0.044857644)
bone_name = "hand.R"
bone_idx = 14

[node name="Weapon" type="Node3D" parent="Model/metarig/Skeleton3D/RightHand" unique_id=473220467]
transform = Transform3D(0.999975, 0, 0, 0, -0.9999744, -8.744424e-08, 0, 8.742054e-08, -1.0002456, -7.4503945e-09, 0.17528436, -0.104661845)

[node name="Sword" type="MeshInstance3D" parent="Model/metarig/Skeleton3D/RightHand/Weapon" unique_id=935136777]
transform = Transform3D(0.485, 0, 0, 0, -0.007330297, -0.4849446, 0, 0.4849446, -0.007330297, 0.00014418754, -0.0058240443, 0.6426743)
mesh = SubResource("CylinderMesh_uebvp")
skeleton = NodePath("../..")
surface_material_override/0 = SubResource("StandardMaterial3D_3e17n")

[node name="FootIK" type="CCDIK3D" parent="Model/metarig/Skeleton3D" parent_id_path=PackedInt32Array(1637299004, 2054398227) index="2" unique_id=333964808]
angular_delta_limit = 3.141592653589793
setting_count = 2
settings/0/target_node = NodePath("../../../../LeftFoot")
settings/1/target_node = NodePath("../../../../RightFoot")
settings/0/root_bone_name = "thigh.L"
settings/0/root_bone = 19
settings/0/end_bone_name = "foot.L"
settings/0/end_bone = 21
settings/0/extend_end_bone = false
settings/0/joint_count = 3
settings/1/root_bone_name = "thigh.R"
settings/1/root_bone = 24
settings/1/end_bone_name = "foot.R"
settings/1/end_bone = 26
settings/1/extend_end_bone = false
settings/1/joint_count = 3
settings/0/joints/0/rotation_axis = 3
settings/0/joints/0/limitation = SubResource("JointLimitationCone3D_xfmme")
settings/0/joints/0/limitation/right_axis = 0
settings/0/joints/0/limitation/rotation_offset = Quaternion(-0.575, 0, 0, 1)
settings/0/joints/1/rotation_axis = 0
settings/0/joints/1/limitation = SubResource("JointLimitationCone3D_o5lns")
settings/0/joints/1/limitation/right_axis = 0
settings/0/joints/1/limitation/rotation_offset = Quaternion(0.09, 0, 0, 1)
settings/0/joints/2/rotation_axis = 0
settings/0/joints/2/limitation = SubResource("JointLimitationCone3D_bffwf")
settings/0/joints/2/limitation/right_axis = 0
settings/0/joints/2/limitation/rotation_offset = Quaternion(0.055, 0, 0, 1)
settings/1/joints/0/rotation_axis = 3
settings/1/joints/0/limitation = SubResource("JointLimitationCone3D_xfmme")
settings/1/joints/0/limitation/right_axis = 0
settings/1/joints/0/limitation/rotation_offset = Quaternion(-0.56, 0, 0, 1)
settings/1/joints/1/rotation_axis = 3
settings/1/joints/1/limitation = SubResource("JointLimitationCone3D_o5lns")
settings/1/joints/1/limitation/right_axis = 0
settings/1/joints/1/limitation/rotation_offset = Quaternion(0.045, 0, 0, 1)
settings/1/joints/2/rotation_axis = 3
settings/1/joints/2/limitation = null

[node name="HandIK" type="CCDIK3D" parent="Model/metarig/Skeleton3D" parent_id_path=PackedInt32Array(1637299004, 2054398227) index="3" unique_id=1466681532]
transform = Transform3D(1, 0, 0, 0, 1, 0, 0, 0, 1, 2.7755576e-17, 2.6012178e-05, 0)
setting_count = 2
settings/0/target_node = NodePath("../../../SwingPath/SwingPathFollow/RightHandTarget")
settings/1/target_node = NodePath("../UpperChest/LeftHandTarget")
settings/0/root_bone_name = "spine.002"
settings/0/root_bone = 2
settings/0/end_bone_name = "hand.R"
settings/0/end_bone = 14
settings/0/extend_end_bone = true
settings/0/end_bone/direction = 5
settings/0/end_bone/length = 0.59
settings/0/joint_count = 6
settings/1/root_bone_name = "shoulder.L"
settings/1/root_bone = 7
settings/1/end_bone_name = "hand.L"
settings/1/end_bone = 10
settings/1/extend_end_bone = false
settings/1/joint_count = 4
settings/0/joints/0/rotation_axis = 3
settings/0/joints/0/limitation = SubResource("JointLimitationCone3D_rs37q")
settings/0/joints/0/limitation/right_axis = 0
settings/0/joints/0/limitation/rotation_offset = Quaternion(0, 0, 0, 1)
settings/0/joints/1/rotation_axis = 3
settings/0/joints/1/limitation = SubResource("JointLimitationCone3D_3s3pc")
settings/0/joints/1/limitation/right_axis = 0
settings/0/joints/1/limitation/rotation_offset = Quaternion(0, 0, 0, 1)
settings/0/joints/2/rotation_axis = 3
settings/0/joints/2/limitation = SubResource("JointLimitationCone3D_kxy0l")
settings/0/joints/2/limitation/right_axis = 0
settings/0/joints/2/limitation/rotation_offset = Quaternion(0, 0, 0, 1)
settings/0/joints/3/rotation_axis = 3
settings/0/joints/3/limitation = SubResource("JointLimitationCone3D_m3664")
settings/0/joints/3/limitation/right_axis = 0
settings/0/joints/3/limitation/rotation_offset = Quaternion(0, 0, 0, 1)
settings/0/joints/4/rotation_axis = 3
settings/0/joints/4/limitation = SubResource("JointLimitationCone3D_bq28y")
settings/0/joints/4/limitation/right_axis = 0
settings/0/joints/4/limitation/rotation_offset = Quaternion(0, 0, -0.91, 1)
settings/0/joints/5/rotation_axis = 3
settings/0/joints/5/limitation = null
settings/1/joints/0/rotation_axis = 3
settings/1/joints/0/limitation = SubResource("JointLimitationCone3D_42j00")
settings/1/joints/0/limitation/right_axis = 0
settings/1/joints/0/limitation/rotation_offset = Quaternion(0.19, 0, 0.105, 1)
settings/1/joints/1/rotation_axis = 3
settings/1/joints/1/limitation = SubResource("JointLimitationCone3D_kbfay")
settings/1/joints/1/limitation/right_axis = 0
settings/1/joints/1/limitation/rotation_offset = Quaternion(0.54, -1.05, -0.05, 1)
settings/1/joints/2/rotation_axis = 3
settings/1/joints/2/limitation = SubResource("JointLimitationCone3D_covbs")
settings/1/joints/2/limitation/right_axis = 0
settings/1/joints/2/limitation/rotation_offset = Quaternion(0, 0, 1.075, 1)
settings/1/joints/3/rotation_axis = 3
settings/1/joints/3/limitation = null

[node name="HeadIK" type="CCDIK3D" parent="Model/metarig/Skeleton3D" parent_id_path=PackedInt32Array(1637299004, 2054398227) index="4" unique_id=1154548736]
setting_count = 1
settings/0/target_node = NodePath("../UpperChest/HeadTarget")
settings/0/root_bone_name = "spine.005"
settings/0/root_bone = 5
settings/0/end_bone_name = "spine.006"
settings/0/end_bone = 6
settings/0/extend_end_bone = false
settings/0/joint_count = 2
settings/0/joints/0/rotation_axis = 3
settings/0/joints/0/limitation = null
settings/0/joints/1/rotation_axis = 3
settings/0/joints/1/limitation = null

[node name="UpperChest" type="BoneAttachment3D" parent="Model/metarig/Skeleton3D" parent_id_path=PackedInt32Array(1637299004, 2054398227) index="5" unique_id=1898289936]
transform = Transform3D(0.9765965, 0.0014369187, 0.215075, 0.05562526, 0.9642685, -0.259021, -0.2077622, 0.26492265, 0.94162107, -0.04794548, 1.4574707, 0.084771425)
bone_name = "spine.003"
bone_idx = 3

[node name="LeftHandTarget" type="Node3D" parent="Model/metarig/Skeleton3D/UpperChest" unique_id=757905429]
transform = Transform3D(-0.4106006, 0.0022299737, -0.9118128, 0.72690886, -0.6028993, -0.32881033, -0.5504645, -0.79781467, 0.24592985, 0.7689647, -0.06320253, -0.657045)

[node name="HeadTarget" type="Node3D" parent="Model/metarig/Skeleton3D/UpperChest" unique_id=608136140]
transform = Transform3D(-0.99233705, 0.11209524, -0.05198316, 0.11015435, 0.9931565, 0.038817566, 0.05597865, 0.032793872, -0.9978936, -0.036988914, 0.5703763, -0.45064545)
metadata/_edit_group_ = true

[node name="debug" type="MeshInstance3D" parent="Model/metarig/Skeleton3D/UpperChest/HeadTarget" unique_id=359498300]
transform = Transform3D(0.25, 1.027729e-10, 1.1641532e-10, 8.54925e-11, 0.24999997, 1.1641532e-10, -1.1641532e-10, 0, 0.24999999, 0, 0, 0)
mesh = SubResource("SphereMesh_cwoyp")
surface_material_override/0 = SubResource("StandardMaterial3D_uebvp")

[node name="SwingPath" type="Path3D" parent="Model" unique_id=677662906]
curve = SubResource("Curve3D_uebvp")
metadata/_edit_lock_ = true

[node name="SwingPathFollow" type="PathFollow3D" parent="Model/SwingPath" unique_id=1519880152]
transform = Transform3D(0.3944365, 0.48160708, -0.78341746, -0.75504225, 0.6552804, 0.022730416, 0.52376187, 0.5819458, 0.6227464, 1.1171167, 1.9521965, 0.35889274)
progress = 0.6180166

[node name="RightHandTarget" type="Node3D" parent="Model/SwingPath/SwingPathFollow" unique_id=239364230]
transform = Transform3D(0.9999997, 0, 0, 0, 1, 0, 0, 0, 1, 0, 0, 0)
metadata/_edit_group_ = true

[node name="debug" type="MeshInstance3D" parent="Model/SwingPath/SwingPathFollow/RightHandTarget" unique_id=1743758330]
transform = Transform3D(0.25, 0, 0, 0, 0.25, 0, 0, 0, 0.25, 0, 0, 0)
mesh = SubResource("SphereMesh_cwoyp")
surface_material_override/0 = SubResource("StandardMaterial3D_uebvp")

[node name="SwingCenter" type="Node3D" parent="Model" unique_id=925997132]
transform = Transform3D(0.375, 0, 0, 0, 0.375, 0, 0, 0, 0.375, 0.11847675, 1.5656648, -0.08649877)
metadata/_edit_group_ = true

[node name="debug" type="MeshInstance3D" parent="Model/SwingCenter" unique_id=457712109]
transform = Transform3D(0.81, 0, 0, 0, 0.81, 0, 0, 0, 0.81, 0, 0, 0)
mesh = SubResource("SphereMesh_cwoyp")
surface_material_override/0 = SubResource("StandardMaterial3D_m6jr0")

[node name="SwingEnd" type="Node3D" parent="Model" unique_id=2073938730]
transform = Transform3D(0.35, 0, 0, 0, 0.35, 0, 0, 0, 0.35, -1.078675, 1.2548431, -0.15678725)
metadata/_edit_group_ = true

[node name="debug" type="MeshInstance3D" parent="Model/SwingEnd" unique_id=1940216380]
transform = Transform3D(0.81, 0, 0, 0, 0.81, 0, 0, 0, 0.81, 0, 0, 0)
mesh = SubResource("SphereMesh_cwoyp")
surface_material_override/0 = SubResource("StandardMaterial3D_1r01a")

[node name="SwingStart" type="Node3D" parent="Model" unique_id=16700077]
transform = Transform3D(1, 0, 0, 0, 1, 0, 0, 0, 1, 0.6033561, 2.0476456, 0.7024795)
metadata/_edit_group_ = true

[node name="debug" type="MeshInstance3D" parent="Model/SwingStart" unique_id=538709343]
transform = Transform3D(0.24, 0, 0, 0, 0.24, 0, 0, 0, 0.24, 0, 0, 0)
mesh = SubResource("SphereMesh_cwoyp")
surface_material_override/0 = SubResource("StandardMaterial3D_3fbqc")

[node name="OldModel" parent="." unique_id=1730852723 instance=ExtResource("2_uebvp")]
transform = Transform3D(0.99968547, 0.023654029, -0.008297613, -0.023654852, 0.9997196, 0, 0.00829529, 0.00019627878, 0.9999654, -0.005232799, -0.23731284, -3.6958954e-05)
visible = false

[node name="Armature" parent="OldModel" index="0"]
transform = Transform3D(1, 1.8617357e-09, -1.4901161e-08, -1.8549144e-09, 1, -9.313226e-10, 1.4901161e-08, 4.656613e-10, 1, 2.1071173e-08, 4.3822217, -0.49032596)

[node name="Skeleton3D" parent="OldModel/Armature" index="0"]
bones/7/rotation = Quaternion(0.082354225, -0.003625113, 0.8953673, -0.4376325)
bones/13/rotation = Quaternion(0.06150032, -0.67373466, 0.7320791, -0.07974681)

[node name="hand_L" parent="OldModel/Armature/Skeleton3D" index="0"]
transform = Transform3D(-0.8428921, 0.45768046, -0.28295135, -0.12810294, -0.68141615, -0.7205979, -0.5226112, -0.57113934, 0.63299054, -0.80004877, 0.1063422, -0.6437968)

[node name="Cube_011" parent="OldModel/Armature/Skeleton3D/hand_L" index="0"]
visible = false

[node name="forearm_L" parent="OldModel/Armature/Skeleton3D" index="1"]
transform = Transform3D(-0.81115276, 0.5021598, -0.29977793, -0.1736595, -0.69627917, -0.69644636, -0.5584564, -0.512865, 0.6519936, -1.655005, 1.2917981, 0.22938585)

[node name="upperarm_L" parent="OldModel/Armature/Skeleton3D" index="2"]
transform = Transform3D(-0.585271, -0.8027841, -0.11399812, 0.80304545, -0.55444485, -0.21842329, 0.112141035, -0.21938248, 0.96917254, -0.3762176, 2.174995, 0.57884896)

[node name="head_2" parent="OldModel/Armature/Skeleton3D" index="3"]
transform = Transform3D(0.9148728, 0.4027001, -0.028983764, -0.40288556, 0.9152499, -0.00061199255, 0.026280962, 0.012236992, 0.99957955, 0.9233147, 2.0763917, 0.51329505)

[node name="hand_R" parent="OldModel/Armature/Skeleton3D" index="4"]
transform = Transform3D(-0.99023676, -0.120028235, -0.070881024, 0.13502605, -0.9522434, -0.27386135, -0.034624945, -0.28075832, 0.95915353, 1.5440445, -2.0777721, 0.51870775)

[node name="Cube_005" parent="OldModel/Armature/Skeleton3D/hand_R" index="0"]
transform = Transform3D(0.28646556, -0.0002109753, 0.00709638, 0.0008786563, -0.54000086, -0.011250939, -0.013347484, -0.040075906, 0.15156288, -0.018039227, 0.5688677, 0.038938403)
visible = false

[node name="Weapon" type="Node3D" parent="OldModel/Armature/Skeleton3D/hand_R" index="1" unique_id=313081003]
transform = Transform3D(0.42403638, -0.7866416, 0.448828, 0.35393184, 0.60000235, 0.7176056, -0.83359194, -0.14540055, 0.53299797, 0, 0, 0)

[node name="Sword" type="MeshInstance3D" parent="OldModel/Armature/Skeleton3D/hand_R/Weapon" unique_id=466842572]
transform = Transform3D(0.9999999, -3.7252903e-09, 0, 0, -0.015114018, -0.9998858, 0, 0.9998858, -0.015114018, 0.00014418348, 0.03823757, 1.3177433)
mesh = SubResource("CylinderMesh_uebvp")
skeleton = NodePath("../..")
surface_material_override/0 = SubResource("StandardMaterial3D_3e17n")

[node name="forearm_R" parent="OldModel/Armature/Skeleton3D" index="5"]
transform = Transform3D(-0.9804671, -0.18859082, -0.055832103, 0.19568352, -0.9639266, -0.18042462, -0.019791663, -0.18782577, 0.98200285, 1.865131, -0.43663168, 0.8384919)

[node name="upperarm_R" parent="OldModel/Armature/Skeleton3D" index="6"]
transform = Transform3D(-0.99007046, -0.06609534, 0.124061435, 0.08466351, -0.984912, 0.150931, 0.112213776, 0.15993595, 0.9807285, 1.970417, 1.1322737, 0.58372366)

[node name="upperspine" parent="OldModel/Armature/Skeleton3D" index="7"]
transform = Transform3D(0.9252442, 0.37934372, -0.004615599, -0.37937, 0.92520887, -0.00816506, 0.0011730436, 0.00930565, 0.99995595, 0.32408488, 0.6148865, 0.4985954)

[node name="LeftHandTarget" type="Node3D" parent="OldModel/Armature/Skeleton3D/upperspine" index="0" unique_id=1116484886]
transform = Transform3D(-0.36712813, 0.9176462, 0.15212734, 0.92911094, 0.3695764, 0.01290004, -0.04438501, 0.14607918, -0.9882769, -0.8497709, -0.9068754, -1.1320083)

[node name="spine" parent="OldModel/Armature/Skeleton3D" index="8"]
transform = Transform3D(0.9831184, 0.18287036, -0.006040007, -0.18286951, 0.9831369, 0.00069481134, 0.006065219, 0.00042140484, 0.9999815, 0.03521402, -0.9381242, 0.49792972)

[node name="foot_L" parent="OldModel/Armature/Skeleton3D" index="9"]
transform = Transform3D(0.84495586, 0.14620225, -0.5144652, 0.5275089, -0.38648698, 0.75654584, -0.08822554, -0.91063315, -0.40368748, -0.13379622, -4.1778636, 0.111201584)

[node name="lowerleg_L" parent="OldModel/Armature/Skeleton3D" index="10"]
transform = Transform3D(-0.93845314, 0.18237941, -0.2933312, -0.23515718, -0.9593824, 0.15583903, -0.252995, 0.21522684, 0.94322354, -0.48030868, -2.4192376, -0.1923509)

[node name="thigh_L" parent="OldModel/Armature/Skeleton3D" index="11"]
transform = Transform3D(-0.975562, -0.009320398, -0.21952668, 0.091328256, -0.92590654, -0.36654553, -0.19984493, -0.3776368, 0.90413064, -0.46588612, -0.986475, 0.3920103)

[node name="foot_R" parent="OldModel/Armature/Skeleton3D" index="12"]
transform = Transform3D(0.9815196, 0.07242569, -0.1771262, 0.19068834, -0.44773766, 0.87359494, -0.016035378, -0.8912266, -0.4532743, 0.22463423, -4.1546874, 0.43200698)

[node name="lowerleg_R" parent="OldModel/Armature/Skeleton3D" index="13"]
transform = Transform3D(-0.93957, -0.17762932, 0.29266953, 0.26249453, -0.9225732, 0.2827625, 0.21978225, 0.34249946, 0.91344935, 0.54049474, -2.4113188, -0.18803868)

[node name="thigh_R" parent="OldModel/Armature/Skeleton3D" index="14"]
transform = Transform3D(-0.9752039, 0.046972286, 0.21626484, -0.12457165, -0.92420995, -0.36099476, 0.18291746, -0.37898412, 0.90714484, 0.46780914, -0.98118114, 0.3984076)

[node name="FootIK" type="CCDIK3D" parent="OldModel/Armature/Skeleton3D" index="16" unique_id=163275418]
angular_delta_limit = 1.860259183238156
setting_count = 2
settings/0/target_node = NodePath("../../../../LeftFoot")
settings/1/target_node = NodePath("../../../../RightFoot")
settings/0/root_bone_name = "thigh.L"
settings/0/root_bone = 10
settings/0/end_bone_name = "foot.L"
settings/0/end_bone = 12
settings/0/extend_end_bone = true
settings/0/end_bone/direction = 3
settings/0/end_bone/length = 0.235
settings/0/joint_count = 3
settings/1/root_bone_name = "thigh.R"
settings/1/root_bone = 13
settings/1/end_bone_name = "foot.R"
settings/1/end_bone = 15
settings/1/extend_end_bone = true
settings/1/end_bone/direction = 3
settings/1/end_bone/length = 0.221
settings/1/joint_count = 3
settings/0/joints/0/rotation_axis = 3
settings/0/joints/0/limitation = SubResource("JointLimitationCone3D_1r01a")
settings/0/joints/0/limitation/right_axis = 0
settings/0/joints/0/limitation/rotation_offset = Quaternion(0, 0, 0, 1)
settings/0/joints/1/rotation_axis = 4
settings/0/joints/1/rotation_axis_vector = Vector3(1, 0, 0.5)
settings/0/joints/1/limitation = SubResource("JointLimitationCone3D_c0nqx")
settings/0/joints/1/limitation/right_axis = 1
settings/0/joints/1/limitation/rotation_offset = Quaternion(1, 0, 0, 1)
settings/0/joints/2/rotation_axis = 0
settings/0/joints/2/limitation = SubResource("JointLimitationCone3D_3e17n")
settings/0/joints/2/limitation/right_axis = 1
settings/0/joints/2/limitation/rotation_offset = Quaternion(0, 0, 0, 1)
settings/1/joints/0/rotation_axis = 3
settings/1/joints/0/limitation = SubResource("JointLimitationCone3D_1r01a")
settings/1/joints/0/limitation/right_axis = 0
settings/1/joints/0/limitation/rotation_offset = Quaternion(0, 0, 0, 1)
settings/1/joints/1/rotation_axis = 4
settings/1/joints/1/rotation_axis_vector = Vector3(1, 0, -0.5)
settings/1/joints/1/limitation = SubResource("JointLimitationCone3D_c0nqx")
settings/1/joints/1/limitation/right_axis = 1
settings/1/joints/1/limitation/rotation_offset = Quaternion(1, 0, 0, 1)
settings/1/joints/2/rotation_axis = 3
settings/1/joints/2/limitation = SubResource("JointLimitationCone3D_3e17n")
settings/1/joints/2/limitation/right_axis = 1
settings/1/joints/2/limitation/rotation_offset = Quaternion(0, 0, 0, 1)

[node name="HandIK" type="CCDIK3D" parent="OldModel/Armature/Skeleton3D" index="17" unique_id=1000835957]
max_iterations = 6
min_distance = 0.109
angular_delta_limit = 3.141592653589793
setting_count = 2
settings/0/target_node = NodePath("../../../SwingPath/SwingPathFollow/RightHandTarget")
settings/1/target_node = NodePath("../upperspine/LeftHandTarget")
settings/0/root_bone_name = "spine"
settings/0/root_bone = 1
settings/0/end_bone_name = "hand.R"
settings/0/end_bone = 9
settings/0/extend_end_bone = false
settings/0/joint_count = 5
settings/1/root_bone_name = "upperarm.L"
settings/1/root_bone = 3
settings/1/end_bone_name = "hand.L"
settings/1/end_bone = 5
settings/1/extend_end_bone = false
settings/1/joint_count = 3
settings/0/joints/0/rotation_axis = 3
settings/0/joints/0/limitation = SubResource("JointLimitationCone3D_uebvp")
settings/0/joints/0/limitation/right_axis = 0
settings/0/joints/0/limitation/rotation_offset = Quaternion(0, 0, 0, 1)
settings/0/joints/1/rotation_axis = 3
settings/0/joints/1/limitation = SubResource("JointLimitationCone3D_j3e7b")
settings/0/joints/1/limitation/right_axis = 0
settings/0/joints/1/limitation/rotation_offset = Quaternion(0, 0, 0, 1)
settings/0/joints/2/rotation_axis = 3
settings/0/joints/2/limitation = SubResource("JointLimitationCone3D_m6jr0")
settings/0/joints/2/limitation/right_axis = 0
settings/0/joints/2/limitation/rotation_offset = Quaternion(0, 0, 0.655, 1)
settings/0/joints/3/rotation_axis = 3
settings/0/joints/3/limitation = SubResource("JointLimitationCone3D_3fbqc")
settings/0/joints/3/limitation/right_axis = 0
settings/0/joints/3/limitation/rotation_offset = Quaternion(-0.705, 0, 0, 1)
settings/0/joints/4/rotation_axis = 3
settings/0/joints/4/limitation = null
settings/1/joints/0/rotation_axis = 3
settings/1/joints/0/limitation = null
settings/1/joints/1/rotation_axis = 3
settings/1/joints/1/limitation = null
settings/1/joints/2/rotation_axis = 3
settings/1/joints/2/limitation = null

[node name="AnimationPlayer" parent="OldModel" index="1"]
libraries/ = SubResource("AnimationLibrary_j3e7b")

[node name="SwingPath" type="Path3D" parent="OldModel" unique_id=661374351]
curve = SubResource("Curve3D_uebvp")
metadata/_edit_lock_ = true

[node name="SwingPathFollow" type="PathFollow3D" parent="OldModel/SwingPath" unique_id=1034746286]
transform = Transform3D(0.4543583, 0.6207049, -0.63921, -0.77861863, 0.6252552, 0.053846106, 0.43298355, 0.4730273, 0.7675947, 1.4660172, 1.9343733, 0.024543889)
progress = 1.1021966

[node name="RightHandTarget" type="Node3D" parent="OldModel/SwingPath/SwingPathFollow" unique_id=1581826342]
transform = Transform3D(0.9999997, 0, 0, 0, 1, 0, 0, 0, 1, 0, 0, 0)
metadata/_edit_group_ = true

[node name="debug" type="MeshInstance3D" parent="OldModel/SwingPath/SwingPathFollow/RightHandTarget" unique_id=1764114094]
transform = Transform3D(0.81, 0, 0, 0, 0.81, 0, 0, 0, 0.81, 0, 0, 0)
mesh = SubResource("SphereMesh_cwoyp")
surface_material_override/0 = SubResource("StandardMaterial3D_uebvp")

[node name="SwingCenter" type="Node3D" parent="OldModel" unique_id=743549342]
transform = Transform3D(1, 0, 0, 0, 1, 0, 0, 0, 1, 0.7173201, 6.009262, -0.08649877)
metadata/_edit_group_ = true

[node name="debug" type="MeshInstance3D" parent="OldModel/SwingCenter" unique_id=607053555]
transform = Transform3D(0.81, 0, 0, 0, 0.81, 0, 0, 0, 0.81, 0, 0, 0)
mesh = SubResource("SphereMesh_cwoyp")
surface_material_override/0 = SubResource("StandardMaterial3D_m6jr0")

[node name="SwingEnd" type="Node3D" parent="OldModel" unique_id=1422545649]
transform = Transform3D(1, 0, 0, 0, 1, 0, 0, 0, 1, -1.5446768, 3.779714, -1.0884207)
metadata/_edit_group_ = true

[node name="debug" type="MeshInstance3D" parent="OldModel/SwingEnd" unique_id=1932450449]
transform = Transform3D(0.81, 0, 0, 0, 0.81, 0, 0, 0, 0.81, 0, 0, 0)
mesh = SubResource("SphereMesh_cwoyp")
surface_material_override/0 = SubResource("StandardMaterial3D_1r01a")

[node name="SwingStart" type="Node3D" parent="OldModel" unique_id=890736920]
transform = Transform3D(1, 0, 0, 0, 1, 0, 0, 0, 1, 3.3187003, 7.9041266, 0.20716763)
metadata/_edit_group_ = true

[node name="debug" type="MeshInstance3D" parent="OldModel/SwingStart" unique_id=1431647300]
transform = Transform3D(0.81, 0, 0, 0, 0.81, 0, 0, 0, 0.81, 0, 0, 0)
mesh = SubResource("SphereMesh_cwoyp")
surface_material_override/0 = SubResource("StandardMaterial3D_3fbqc")

[node name="LeftFoot" type="Node3D" parent="." unique_id=1345590147]
transform = Transform3D(1, -3.2276148e-08, 1.6624108e-07, -1.382432e-10, 0.99997294, 2.5797635e-07, -8.428469e-08, 3.3527613e-08, 0.9999766, -0.19733211, 0.06559217, -0.1310248)
metadata/_edit_group_ = true

[node name="debug" type="MeshInstance3D" parent="LeftFoot" unique_id=10563328]
transform = Transform3D(1.92, 0, 0, 0, 1.92, 0, 0, 0, 1.92, 0, 0, 0)
mesh = SubResource("BoxMesh_m6jr0")

[node name="RightFoot" type="Node3D" parent="." unique_id=2059347641]
transform = Transform3D(1, -2.8498434e-06, 5.48549e-06, -1.382432e-10, 0.99788135, 1.19009055e-05, -8.428469e-08, 4.964415e-06, 0.99926895, 0.19392313, 0.05613376, -0.18251538)
metadata/_edit_group_ = true

[node name="debug" type="MeshInstance3D" parent="RightFoot" unique_id=2044269860]
transform = Transform3D(1.92, 0, 0, 0, 1.92, 0, 0, 0, 1.92, 0, 0, 0)
mesh = SubResource("BoxMesh_m6jr0")

[node name="FootTracker" type="Node3D" parent="." unique_id=656936007]
transform = Transform3D(1, -3.4197e-10, 4.656613e-10, 3.4197e-10, 1, 0, -4.656613e-10, 1.592422e-19, 1, 0, 0.075, 0)

[node name="Holder" type="Node3D" parent="FootTracker" unique_id=861974782]
transform = Transform3D(0.99969244, 0.023795407, -0.00698356, -0.02361765, 0.99941987, 0.024520054, 0.0075629763, -0.02434757, 0.999675, 0, 0, 0)

[node name="debug" type="MeshInstance3D" parent="FootTracker/Holder" unique_id=1084559009]
mesh = SubResource("BoxMesh_uebvp")

[node name="LeftFootTrack" type="Node3D" parent="FootTracker/Holder" unique_id=74260201]
transform = Transform3D(0.9984639, -1.9178222e-05, 0.009141981, 1.9147992e-05, 1.0000001, 1.7951243e-07, -0.055405933, -1.4901161e-08, 0.16474654, -0.19426532, 0.00014483929, -1.8638093e-06)

[node name="debug" type="MeshInstance3D" parent="FootTracker/Holder/LeftFootTrack" unique_id=502531322]
transform = Transform3D(1, 0, 0, 0, 1, 0, 0, 0, 1, 0, 0, -0.5067749)
mesh = SubResource("BoxMesh_1r01a")

[node name="Tip" type="Node3D" parent="FootTracker/Holder/LeftFootTrack" unique_id=583808676]
transform = Transform3D(1, 0, 0, 0, 1, 0, 0, 0, 1, 0, 0, -3.698)

[node name="debug" type="MeshInstance3D" parent="FootTracker/Holder/LeftFootTrack/Tip" unique_id=320115512]
transform = Transform3D(0.298, 0, 0, 0, 0.298, 0, 0, 0, 0.298, 0, 0.185, 0)
mesh = SubResource("SphereMesh_cwoyp")
surface_material_override/0 = SubResource("StandardMaterial3D_cwoyp")

[node name="LeftFootPath" type="Path3D" parent="FootTracker/Holder/LeftFootTrack" unique_id=771899845]
visible = false
curve = SubResource("Curve3D_j3e7b")

[node name="LeftPF" type="PathFollow3D" parent="FootTracker/Holder/LeftFootTrack/LeftFootPath" unique_id=501492568]
transform = Transform3D(-4.3704173e-08, 0.999982, 4.3704173e-08, 0, -4.3710603e-08, 0.9998349, 0.9998349, 4.3710603e-08, 1.91037e-15, 2.6226044e-06, 0.006402731, -2.6235228)
progress = 5.851844

[node name="RightFootTrack" type="Node3D" parent="FootTracker/Holder" unique_id=1894514497]
transform = Transform3D(0.9984639, -1.9178222e-05, 0.009141981, 1.9147992e-05, 1.0000001, 1.7951243e-07, -0.055405933, -1.4901161e-08, 0.16474654, 0.20011386, -2.2351742e-08, -1.1641532e-10)

[node name="debug" type="MeshInstance3D" parent="FootTracker/Holder/RightFootTrack" unique_id=1408829163]
transform = Transform3D(1, 0, 0, 0, 1, 0, 0, 0, 1, 0, 0, -0.5067749)
mesh = SubResource("BoxMesh_1r01a")

[node name="Tip" type="Node3D" parent="FootTracker/Holder/RightFootTrack" unique_id=1745299917]
transform = Transform3D(1, 0, 0, 0, 1, 0, 0, 0, 1, 0, 0, -3.697831)

[node name="debug" type="MeshInstance3D" parent="FootTracker/Holder/RightFootTrack/Tip" unique_id=1709235037]
transform = Transform3D(0.298, 0, 0, 0, 0.298, 0, 0, 0, 0.298, 0, 0.185, 0)
mesh = SubResource("SphereMesh_cwoyp")
surface_material_override/0 = SubResource("StandardMaterial3D_gy5hj")

[node name="RightFootPath" type="Path3D" parent="FootTracker/Holder/RightFootTrack" unique_id=1504790537]
visible = false
curve = SubResource("Curve3D_j3e7b")

[node name="RightPF" type="PathFollow3D" parent="FootTracker/Holder/RightFootTrack/RightFootPath" unique_id=706088320]
transform = Transform3D(-1.6189836e-07, 0.9999818, -9.165923e-09, -0.99399024, -1.6196535e-07, -0.10795156, -0.10795156, -8.36895e-09, 0.99399024, 2.6226044e-06, 0.69264346, 1.0906028)
progress = 1.8932391

[node name="RHBase" type="Node3D" parent="." unique_id=1489644373]
transform = Transform3D(1, 0, 0, 0, 1, 0, 0, 0, 1, 0.21735764, 1.9243774, 0)

[node name="TorsoTarget" type="Node3D" parent="." unique_id=897762053]
transform = Transform3D(0.9990735, 0.005705375, 0.04265603, -0.023844171, 0.89851743, 0.43828955, -0.03582659, -0.43890074, 0.8978208, 0.21735568, 1.9242083, 1.03376806e-07)

[node name="Reset" type="Timer" parent="." unique_id=2142176493]
process_callback = 0
one_shot = true

[node name="Reset2" type="Timer" parent="." unique_id=1690515112]
process_callback = 0
wait_time = 2.0
one_shot = true

[node name="Step" type="Timer" parent="." unique_id=802305049]
wait_time = 0.4564459415058228
one_shot = true

[node name="MeshInstance3D" type="MeshInstance3D" parent="." unique_id=713233208]
transform = Transform3D(1, 0, 0, 0, 1, 0, 0, 0, 1, 0, 1.9635925, 0)
visible = false
material_override = SubResource("StandardMaterial3D_4uij5")
mesh = SubResource("CapsuleMesh_kbb0h")

[node name="AimTarget" type="MeshInstance3D" parent="." unique_id=1806336660]
transform = Transform3D(1, 0, 0, 0, 1, 0, 0, 0, 1, 0, 0, -3.9885993)
visible = false
mesh = SubResource("SphereMesh_uebvp")
surface_material_override/0 = SubResource("StandardMaterial3D_xfmme")

[connection signal="timeout" from="Reset" to="." method="make_step"]
[connection signal="timeout" from="Reset2" to="." method="make_step"]
[connection signal="timeout" from="Step" to="." method="make_step"]

[editable path="Model"]
[editable path="OldModel"]
