[gd_scene format=3 uid="uid://b4l6tkceuqx73"]

[ext_resource type="Script" uid="uid://cvah6hrjahtbf" path="res://Scripts/char_model.gd" id="1_uebvp"]
[ext_resource type="PackedScene" uid="uid://dublyjb6msfyd" path="res://Alien_v1.glb" id="2_j3e7b"]
[ext_resource type="PackedScene" uid="uid://dkvmsnxxhkb3h" path="res://Scenes/robot_v_3.tscn" id="2_uebvp"]
[ext_resource type="PackedScene" uid="uid://4c8xwl8nw1g3" path="res://Scenes/weapon.tscn" id="3_m6jr0"]

[sub_resource type="JointLimitationCone3D" id="JointLimitationCone3D_xfmme"]
angle = 2.4893632

[sub_resource type="JointLimitationCone3D" id="JointLimitationCone3D_o5lns"]
angle = 2.104518

[sub_resource type="JointLimitationCone3D" id="JointLimitationCone3D_bffwf"]
angle = 1.2744395

[sub_resource type="JointLimitationCone3D" id="JointLimitationCone3D_rs37q"]
angle = 0.65240407

[sub_resource type="JointLimitationCone3D" id="JointLimitationCone3D_3s3pc"]
angle = 0.97790796

[sub_resource type="JointLimitationCone3D" id="JointLimitationCone3D_kxy0l"]
angle = 1.3337806

[sub_resource type="JointLimitationCone3D" id="JointLimitationCone3D_m3664"]
angle = 4.2678537

[sub_resource type="JointLimitationCone3D" id="JointLimitationCone3D_bq28y"]
angle = 2.1043434

[sub_resource type="JointLimitationCone3D" id="JointLimitationCone3D_42j00"]
angle = 0.47403142

[sub_resource type="JointLimitationCone3D" id="JointLimitationCone3D_kbfay"]
angle = 3.586128

[sub_resource type="JointLimitationCone3D" id="JointLimitationCone3D_covbs"]
angle = 2.1340141

[sub_resource type="SphereMesh" id="SphereMesh_cwoyp"]

[sub_resource type="StandardMaterial3D" id="StandardMaterial3D_uebvp"]
albedo_color = Color(0.4883597, 0.6255702, 0.55832, 1)

[sub_resource type="Curve3D" id="Curve3D_uebvp"]
_data = {
"points": PackedVector3Array(0, 0.065, 1.565, 3.345, 0, -1.92, 0.6033561, 1.9585456, 0.7024795, 0, 0, -2.95, 4.185, 0.7, 4.565, -1.078675, 1.3439431, -0.15678725),
"tilts": PackedFloat32Array(0.8237954, 1.3334316)
}
point_count = 2

[sub_resource type="StandardMaterial3D" id="StandardMaterial3D_m6jr0"]
albedo_color = Color(1, 0, 0, 1)

[sub_resource type="StandardMaterial3D" id="StandardMaterial3D_1r01a"]
albedo_color = Color(0.9986214, 0.27554232, 0.46968883, 1)

[sub_resource type="StandardMaterial3D" id="StandardMaterial3D_3fbqc"]
albedo_color = Color(0.3, 0.3349998, 1, 1)

[sub_resource type="CylinderMesh" id="CylinderMesh_uebvp"]
top_radius = 0.2
bottom_radius = 0.1
height = 3.0

[sub_resource type="StandardMaterial3D" id="StandardMaterial3D_3e17n"]
albedo_color = Color(0.16924527, 0.1692453, 0.16924527, 1)

[sub_resource type="JointLimitationCone3D" id="JointLimitationCone3D_1r01a"]
angle = 2.8340657

[sub_resource type="JointLimitationCone3D" id="JointLimitationCone3D_c0nqx"]
angle = 3.1084313

[sub_resource type="JointLimitationCone3D" id="JointLimitationCone3D_3e17n"]
angle = 0.7431612

[sub_resource type="JointLimitationCone3D" id="JointLimitationCone3D_uebvp"]
angle = 0.437205

[sub_resource type="JointLimitationCone3D" id="JointLimitationCone3D_j3e7b"]
angle = 0.4108505

[sub_resource type="JointLimitationCone3D" id="JointLimitationCone3D_m6jr0"]
angle = 3.5410986

[sub_resource type="JointLimitationCone3D" id="JointLimitationCone3D_3fbqc"]
angle = 2.1786945

[sub_resource type="Animation" id="Animation_uebvp"]
resource_name = "hands.idle"
tracks/0/type = "position_3d"
tracks/0/imported = false
tracks/0/enabled = true
tracks/0/path = NodePath("SwingPath/SwingPathFollow/RightHandTarget")
tracks/0/interp = 1
tracks/0/loop_wrap = true
tracks/0/keys = PackedFloat32Array()

[sub_resource type="AnimationLibrary" id="AnimationLibrary_j3e7b"]
_data = {
&"hands.idle": SubResource("Animation_uebvp")
}

[sub_resource type="StandardMaterial3D" id="StandardMaterial3D_j3e7b"]
albedo_color = Color(0.59813, 0.99721104, 0.9238513, 1)

[sub_resource type="BoxMesh" id="BoxMesh_m6jr0"]
material = SubResource("StandardMaterial3D_j3e7b")
size = Vector3(0.075, 0.26, 0.07)

[sub_resource type="BoxMesh" id="BoxMesh_uebvp"]
size = Vector3(0.92, 0.22, 0.265)

[sub_resource type="StandardMaterial3D" id="StandardMaterial3D_c0nqx"]
albedo_color = Color(0.59813, 0.99721104, 0.9238513, 1)

[sub_resource type="BoxMesh" id="BoxMesh_1r01a"]
material = SubResource("StandardMaterial3D_c0nqx")
size = Vector3(0.135, 0.165, 0.735)

[sub_resource type="StandardMaterial3D" id="StandardMaterial3D_cwoyp"]
albedo_color = Color(0.47000003, 1, 0.6908334, 1)

[sub_resource type="Curve3D" id="Curve3D_j3e7b"]
_data = {
"points": PackedVector3Array(0, 0, 0, 0, 1, 0, 2.6226044e-06, -0.010840476, 2.7390952, 0, 1, 0, 0, 0, 0, 2.6226044e-06, 0.006402731, -2.623523),
"tilts": PackedFloat32Array(0, 0)
}
point_count = 2

[sub_resource type="StandardMaterial3D" id="StandardMaterial3D_gy5hj"]
albedo_color = Color(0.47000003, 0.6908334, 1, 1)

[sub_resource type="StandardMaterial3D" id="StandardMaterial3D_4uij5"]
shading_mode = 0

[sub_resource type="CapsuleMesh" id="CapsuleMesh_kbb0h"]
height = 4.098

[sub_resource type="SphereMesh" id="SphereMesh_uebvp"]

[sub_resource type="StandardMaterial3D" id="StandardMaterial3D_xfmme"]
albedo_color = Color(0.2520276, 0.25202766, 0.25202763, 1)

[node name="Root" type="Node3D" unique_id=575523289]
transform = Transform3D(0.99997467, 0, 0.007119008, 0, 0.99999994, 0, -0.007119008, 0, 0.99997467, 0, 0, 0)
script = ExtResource("1_uebvp")
swing_angle_factor = 0.081
swing_angle_factor_height = 1.1
stride_time = 0.265
stride_length = 0.165
speed = 1.0
direction = 0.69
debug_shapes_on = true
step_speed_factor = 0.655
swing_time = 0.59

[node name="Model" parent="." unique_id=1637299004 instance=ExtResource("2_j3e7b")]
transform = Transform3D(0.9997119, 0.023649016, -0.0040268586, -0.023649212, 0.9997199, 0, 0.0040257312, 9.523202e-05, 0.9999919, 0.011806432, -0.12637545, -0.0012146804)

[node name="metarig" parent="Model" index="0" unique_id=1789358665]
transform = Transform3D(-1, 0, 1.509958e-07, 0, 1, 0, -1.509958e-07, 0, -1, 0, 0, 0)

[node name="RightHand" type="BoneAttachment3D" parent="Model/metarig/Skeleton3D" parent_id_path=PackedInt32Array(1637299004, 2054398227) index="1" unique_id=1092707248]
transform = Transform3D(0.119252495, -0.8934132, -0.43311965, 0.78762656, 0.35072413, -0.5065931, 0.60450196, -0.28072405, 0.7455004, -1.3914034, 1.6320319, 0.11146111)
bone_name = "hand.R"
bone_idx = 14

[node name="Weapon" parent="Model/metarig/Skeleton3D/RightHand" unique_id=65460054 instance=ExtResource("3_m6jr0")]
transform = Transform3D(0.999975, 0, 0, 0, -0.9999744, -1.5103288e-07, 0, 1.5099194e-07, -1.0002456, -7.4503945e-09, 0.17528436, -0.104661845)

[node name="FootIK" type="CCDIK3D" parent="Model/metarig/Skeleton3D" parent_id_path=PackedInt32Array(1637299004, 2054398227) index="2" unique_id=333964808]
angular_delta_limit = 3.141592653589793
setting_count = 2
settings/0/target_node = NodePath("../../../../LeftFoot")
settings/1/target_node = NodePath("../../../../RightFoot")
settings/0/root_bone_name = "thigh.L"
settings/0/root_bone = 19
settings/0/end_bone_name = "foot.L"
settings/0/end_bone = 21
settings/0/extend_end_bone = false
settings/0/joint_count = 3
settings/1/root_bone_name = "thigh.R"
settings/1/root_bone = 24
settings/1/end_bone_name = "foot.R"
settings/1/end_bone = 26
settings/1/extend_end_bone = false
settings/1/joint_count = 3
settings/0/joints/0/rotation_axis = 3
settings/0/joints/0/limitation = SubResource("JointLimitationCone3D_xfmme")
settings/0/joints/0/limitation/right_axis = 0
settings/0/joints/0/limitation/rotation_offset = Quaternion(-0.575, 0, 0, 1)
settings/0/joints/1/rotation_axis = 0
settings/0/joints/1/limitation = SubResource("JointLimitationCone3D_o5lns")
settings/0/joints/1/limitation/right_axis = 0
settings/0/joints/1/limitation/rotation_offset = Quaternion(0.09, 0, 0, 1)
settings/0/joints/2/rotation_axis = 0
settings/0/joints/2/limitation = SubResource("JointLimitationCone3D_bffwf")
settings/0/joints/2/limitation/right_axis = 0
settings/0/joints/2/limitation/rotation_offset = Quaternion(0.055, 0, 0, 1)
settings/1/joints/0/rotation_axis = 3
settings/1/joints/0/limitation = SubResource("JointLimitationCone3D_xfmme")
settings/1/joints/0/limitation/right_axis = 0
settings/1/joints/0/limitation/rotation_offset = Quaternion(-0.56, 0, 0, 1)
settings/1/joints/1/rotation_axis = 3
settings/1/joints/1/limitation = SubResource("JointLimitationCone3D_o5lns")
settings/1/joints/1/limitation/right_axis = 0
settings/1/joints/1/limitation/rotation_offset = Quaternion(0.045, 0, 0, 1)
settings/1/joints/2/rotation_axis = 3
settings/1/joints/2/limitation = null

[node name="HandIK" type="CCDIK3D" parent="Model/metarig/Skeleton3D" parent_id_path=PackedInt32Array(1637299004, 2054398227) index="3" unique_id=1466681532]
transform = Transform3D(1, 0, 0, 0, 1, 0, 0, 0, 1, 2.7755576e-17, 2.6012178e-05, 0)
setting_count = 2
settings/0/target_node = NodePath("../../../SwingPath/SwingPathFollow/RightHandTarget")
settings/1/target_node = NodePath("../UpperChest/LeftHandTarget")
settings/0/root_bone_name = "spine.002"
settings/0/root_bone = 2
settings/0/end_bone_name = "hand.R"
settings/0/end_bone = 14
settings/0/extend_end_bone = true
settings/0/end_bone/direction = 5
settings/0/end_bone/length = 0.59
settings/0/joint_count = 6
settings/1/root_bone_name = "shoulder.L"
settings/1/root_bone = 7
settings/1/end_bone_name = "hand.L"
settings/1/end_bone = 10
settings/1/extend_end_bone = false
settings/1/joint_count = 4
settings/0/joints/0/rotation_axis = 3
settings/0/joints/0/limitation = SubResource("JointLimitationCone3D_rs37q")
settings/0/joints/0/limitation/right_axis = 0
settings/0/joints/0/limitation/rotation_offset = Quaternion(0, 0, 0, 1)
settings/0/joints/1/rotation_axis = 3
settings/0/joints/1/limitation = SubResource("JointLimitationCone3D_3s3pc")
settings/0/joints/1/limitation/right_axis = 0
settings/0/joints/1/limitation/rotation_offset = Quaternion(0, 0, 0, 1)
settings/0/joints/2/rotation_axis = 3
settings/0/joints/2/limitation = SubResource("JointLimitationCone3D_kxy0l")
settings/0/joints/2/limitation/right_axis = 0
settings/0/joints/2/limitation/rotation_offset = Quaternion(0, 0, 0, 1)
settings/0/joints/3/rotation_axis = 3
settings/0/joints/3/limitation = SubResource("JointLimitationCone3D_m3664")
settings/0/joints/3/limitation/right_axis = 0
settings/0/joints/3/limitation/rotation_offset = Quaternion(0, 0, 0, 1)
settings/0/joints/4/rotation_axis = 3
settings/0/joints/4/limitation = SubResource("JointLimitationCone3D_bq28y")
settings/0/joints/4/limitation/right_axis = 0
settings/0/joints/4/limitation/rotation_offset = Quaternion(0, 0, -0.91, 1)
settings/0/joints/5/rotation_axis = 3
settings/0/joints/5/limitation = null
settings/1/joints/0/rotation_axis = 3
settings/1/joints/0/limitation = SubResource("JointLimitationCone3D_42j00")
settings/1/joints/0/limitation/right_axis = 0
settings/1/joints/0/limitation/rotation_offset = Quaternion(0.19, 0, 0.105, 1)
settings/1/joints/1/rotation_axis = 3
settings/1/joints/1/limitation = SubResource("JointLimitationCone3D_kbfay")
settings/1/joints/1/limitation/right_axis = 0
settings/1/joints/1/limitation/rotation_offset = Quaternion(0.54, -1.05, -0.05, 1)
settings/1/joints/2/rotation_axis = 3
settings/1/joints/2/limitation = SubResource("JointLimitationCone3D_covbs")
settings/1/joints/2/limitation/right_axis = 0
settings/1/joints/2/limitation/rotation_offset = Quaternion(0, 0, 1.075, 1)
settings/1/joints/3/rotation_axis = 3
settings/1/joints/3/limitation = null

[node name="HeadIK" type="CCDIK3D" parent="Model/metarig/Skeleton3D" parent_id_path=PackedInt32Array(1637299004, 2054398227) index="4" unique_id=1154548736]
setting_count = 1
settings/0/target_node = NodePath("../UpperChest/HeadTarget")
settings/0/root_bone_name = "spine.005"
settings/0/root_bone = 5
settings/0/end_bone_name = "spine.006"
settings/0/end_bone = 6
settings/0/extend_end_bone = false
settings/0/joint_count = 2
settings/0/joints/0/rotation_axis = 3
settings/0/joints/0/limitation = null
settings/0/joints/1/rotation_axis = 3
settings/0/joints/1/limitation = null

[node name="UpperChest" type="BoneAttachment3D" parent="Model/metarig/Skeleton3D" parent_id_path=PackedInt32Array(1637299004, 2054398227) index="5" unique_id=1898289936]
transform = Transform3D(0.9824015, -0.10126791, 0.15694638, 0.111549735, 0.99205714, -0.058127888, -0.14981325, 0.07461227, 0.98589474, -0.055218402, 1.4567307, 0.06152375)
bone_name = "spine.003"
bone_idx = 3

[node name="LeftHandTarget" type="Node3D" parent="Model/metarig/Skeleton3D/UpperChest" unique_id=757905429]
transform = Transform3D(-0.4106006, 0.0022299737, -0.9118128, 0.72690886, -0.6028993, -0.32881033, -0.5504645, -0.79781467, 0.24592985, 0.7689647, -0.06320253, -0.657045)

[node name="HeadTarget" type="Node3D" parent="Model/metarig/Skeleton3D/UpperChest" unique_id=608136140]
transform = Transform3D(-0.99233705, 0.11209524, -0.05198316, 0.11015435, 0.9931565, 0.038817566, 0.05597865, 0.032793872, -0.9978936, -0.036988914, 0.5703763, -0.45064545)
metadata/_edit_group_ = true

[node name="debug" type="MeshInstance3D" parent="Model/metarig/Skeleton3D/UpperChest/HeadTarget" unique_id=359498300]
transform = Transform3D(0.25, 1.027729e-10, 1.1641532e-10, 8.54925e-11, 0.24999997, 1.1641532e-10, -1.1641532e-10, 0, 0.24999999, 0, 0, 0)
mesh = SubResource("SphereMesh_cwoyp")
surface_material_override/0 = SubResource("StandardMaterial3D_uebvp")

[node name="SwingPath" type="Path3D" parent="Model" unique_id=677662906]
curve = SubResource("Curve3D_uebvp")
metadata/_edit_lock_ = true

[node name="SwingPathFollow" type="PathFollow3D" parent="Model/SwingPath" unique_id=1519880152]
transform = Transform3D(0.3944365, 0.48160708, -0.78341746, -0.75504225, 0.6552804, 0.022730416, 0.52376187, 0.5819458, 0.6227464, 1.1171167, 1.9521965, 0.35889274)
progress = 0.6180166

[node name="RightHandTarget" type="Node3D" parent="Model/SwingPath/SwingPathFollow" unique_id=239364230]
transform = Transform3D(0.9999997, 0, 0, 0, 1, 0, 0, 0, 1, 0, 0, 0)
metadata/_edit_group_ = true

[node name="debug" type="MeshInstance3D" parent="Model/SwingPath/SwingPathFollow/RightHandTarget" unique_id=1743758330]
transform = Transform3D(0.25, 0, 0, 0, 0.25, 0, 0, 0, 0.25, 0, 0, 0)
mesh = SubResource("SphereMesh_cwoyp")
surface_material_override/0 = SubResource("StandardMaterial3D_uebvp")

[node name="SwingCenter" type="Node3D" parent="Model" unique_id=925997132]
transform = Transform3D(0.375, 0, 0, 0, 0.375, 0, 0, 0, 0.375, 0.11847675, 1.5656648, -0.08649877)
metadata/_edit_group_ = true

[node name="debug" type="MeshInstance3D" parent="Model/SwingCenter" unique_id=457712109]
transform = Transform3D(0.81, 0, 0, 0, 0.81, 0, 0, 0, 0.81, 0, 0, 0)
mesh = SubResource("SphereMesh_cwoyp")
surface_material_override/0 = SubResource("StandardMaterial3D_m6jr0")

[node name="SwingEnd" type="Node3D" parent="Model" unique_id=2073938730]
transform = Transform3D(0.35, 0, 0, 0, 0.35, 0, 0, 0, 0.35, -1.078675, 1.2548431, -0.15678725)
metadata/_edit_group_ = true

[node name="debug" type="MeshInstance3D" parent="Model/SwingEnd" unique_id=1940216380]
transform = Transform3D(0.81, 0, 0, 0, 0.81, 0, 0, 0, 0.81, 0, 0, 0)
mesh = SubResource("SphereMesh_cwoyp")
surface_material_override/0 = SubResource("StandardMaterial3D_1r01a")

[node name="SwingStart" type="Node3D" parent="Model" unique_id=16700077]
transform = Transform3D(1, 0, 0, 0, 1, 0, 0, 0, 1, 0.6033561, 2.0476456, 0.7024795)
metadata/_edit_group_ = true

[node name="debug" type="MeshInstance3D" parent="Model/SwingStart" unique_id=538709343]
transform = Transform3D(0.24, 0, 0, 0, 0.24, 0, 0, 0, 0.24, 0, 0, 0)
mesh = SubResource("SphereMesh_cwoyp")
surface_material_override/0 = SubResource("StandardMaterial3D_3fbqc")

[node name="OldModel" parent="." unique_id=1730852723 instance=ExtResource("2_uebvp")]
transform = Transform3D(0.99968547, 0.023654029, -0.008297613, -0.023654852, 0.9997196, 0, 0.00829529, 0.00019627878, 0.9999654, -0.005232799, -0.23731284, -3.6958954e-05)
visible = false

[node name="Armature" parent="OldModel" index="0"]
transform = Transform3D(1, 1.8617357e-09, -1.4901161e-08, -1.8549144e-09, 1, -9.313226e-10, 1.4901161e-08, 4.656613e-10, 1, 2.1071173e-08, 4.3822217, -0.49032596)

[node name="Skeleton3D" parent="OldModel/Armature" index="0"]
bones/7/rotation = Quaternion(0.082354225, -0.003625113, 0.8953673, -0.4376325)
bones/13/rotation = Quaternion(0.06150032, -0.67373466, 0.7320791, -0.07974681)

[node name="hand_L" parent="OldModel/Armature/Skeleton3D" index="0"]
transform = Transform3D(-0.8429016, 0.45770174, -0.2828872, -0.12814172, -0.6813763, -0.7206283, -0.52258587, -0.5711693, 0.6329844, -0.8004647, 0.10689318, -0.64339024)

[node name="Cube_011" parent="OldModel/Armature/Skeleton3D/hand_L" index="0"]
visible = false

[node name="forearm_L" parent="OldModel/Armature/Skeleton3D" index="1"]
transform = Transform3D(-0.81116074, 0.50218385, -0.29971457, -0.1736956, -0.69623786, -0.6964781, -0.5584331, -0.51289684, 0.6519885, -1.6554619, 1.2922788, 0.2298466)

[node name="upperarm_L" parent="OldModel/Armature/Skeleton3D" index="2"]
transform = Transform3D(-0.58491874, -0.8030709, -0.11378257, 0.8032841, -0.5541432, -0.21830967, 0.11226628, -0.21909323, 0.9692235, -0.3762176, 2.174995, 0.57884896)

[node name="head_2" parent="OldModel/Armature/Skeleton3D" index="3"]
transform = Transform3D(0.9148728, 0.4027001, -0.028983653, -0.40288556, 0.9152499, -0.0006119432, 0.026280878, 0.0122369025, 0.99957955, 0.9233147, 2.0763917, 0.51329494)

[node name="hand_R" parent="OldModel/Armature/Skeleton3D" index="4"]
transform = Transform3D(-0.99023676, -0.12002824, -0.070880935, 0.13502602, -0.95224327, -0.27386144, -0.03462486, -0.28075838, 0.9591535, 1.5440445, -2.077772, 0.51870763)

[node name="Cube_005" parent="OldModel/Armature/Skeleton3D/hand_R" index="0"]
transform = Transform3D(0.28646556, -0.0002109753, 0.00709638, 0.0008786563, -0.54000086, -0.011250939, -0.013347484, -0.040075906, 0.15156288, -0.018039227, 0.5688677, 0.038938403)
visible = false

[node name="Weapon" type="Node3D" parent="OldModel/Armature/Skeleton3D/hand_R" index="1" unique_id=313081003]
transform = Transform3D(0.42403638, -0.7866416, 0.448828, 0.35393184, 0.60000235, 0.7176056, -0.83359194, -0.14540055, 0.53299797, 0, 0, 0)

[node name="Sword" type="MeshInstance3D" parent="OldModel/Armature/Skeleton3D/hand_R/Weapon" unique_id=466842572]
transform = Transform3D(0.9999999, -3.7252903e-09, 0, 0, -0.015114018, -0.9998858, 0, 0.9998858, -0.015114018, 0.00014418348, 0.03823757, 1.3177433)
mesh = SubResource("CylinderMesh_uebvp")
skeleton = NodePath("../..")
surface_material_override/0 = SubResource("StandardMaterial3D_3e17n")

[node name="forearm_R" parent="OldModel/Armature/Skeleton3D" index="5"]
transform = Transform3D(-0.9804671, -0.18859082, -0.055832006, 0.1956835, -0.96392655, -0.1804247, -0.019791573, -0.18782586, 0.9820028, 1.865131, -0.43663156, 0.8384919)

[node name="upperarm_R" parent="OldModel/Armature/Skeleton3D" index="6"]
transform = Transform3D(-0.99007046, -0.06609532, 0.12406155, 0.08466352, -0.9849119, 0.15093112, 0.112213865, 0.15993606, 0.98072845, 1.970417, 1.1322737, 0.5837235)

[node name="upperspine" parent="OldModel/Armature/Skeleton3D" index="7"]
transform = Transform3D(0.9252442, 0.37934372, -0.004615487, -0.37937, 0.92520887, -0.00816501, 0.0011729584, 0.009305563, 0.99995595, 0.32408488, 0.6148865, 0.4985954)

[node name="LeftHandTarget" type="Node3D" parent="OldModel/Armature/Skeleton3D/upperspine" index="0" unique_id=1116484886]
transform = Transform3D(-0.36712813, 0.9176462, 0.15212734, 0.92911094, 0.3695764, 0.01290004, -0.04438501, 0.14607918, -0.9882769, -0.8497709, -0.9068754, -1.1320083)

[node name="spine" parent="OldModel/Armature/Skeleton3D" index="8"]
transform = Transform3D(0.9831184, 0.18287036, -0.006040007, -0.18286951, 0.9831369, 0.00069481134, 0.006065219, 0.00042140484, 0.9999815, 0.03521402, -0.9381242, 0.49792972)

[node name="foot_L" parent="OldModel/Armature/Skeleton3D" index="9"]
transform = Transform3D(0.9003813, 0.17722723, -0.39737162, 0.43121317, -0.48529726, 0.7606192, -0.05804102, -0.8561992, -0.5133753, -0.514964, -4.159133, -0.18177736)

[node name="lowerleg_L" parent="OldModel/Armature/Skeleton3D" index="10"]
transform = Transform3D(-0.962586, 0.07000643, -0.26177734, -0.09885598, -0.9901947, 0.098700315, -0.2523008, 0.120886, 0.960068, -0.65433824, -2.351245, -0.31253514)

[node name="thigh_L" parent="OldModel/Armature/Skeleton3D" index="11"]
transform = Transform3D(-0.9604391, -0.12178505, -0.25045043, 0.22046226, -0.881967, -0.41656977, -0.17015709, -0.45530447, 0.87392455, -0.46588612, -0.986475, 0.3920103)

[node name="foot_R" parent="OldModel/Armature/Skeleton3D" index="12"]
transform = Transform3D(0.9472182, -0.288711, -0.13937065, -0.0007309007, -0.43667442, 0.8996191, -0.32058966, -0.85203326, -0.41383725, -0.24391311, -4.1468906, -0.16404995)

[node name="lowerleg_R" parent="OldModel/Armature/Skeleton3D" index="13"]
transform = Transform3D(-0.90718883, -0.29569703, 0.29928553, 0.30709365, -0.95163304, -0.009366214, 0.2875795, 0.08341196, 0.95411754, 0.2944653, -2.3534417, -0.29538545)

[node name="thigh_R" parent="OldModel/Armature/Skeleton3D" index="14"]
transform = Transform3D(-0.9782046, -0.11202138, 0.17483443, 0.01902697, -0.8868077, -0.46174648, 0.20677003, -0.44835573, 0.8696107, 0.46780914, -0.98118114, 0.3984076)

[node name="FootIK" type="CCDIK3D" parent="OldModel/Armature/Skeleton3D" index="16" unique_id=163275418]
angular_delta_limit = 1.860259183238156
setting_count = 2
settings/0/target_node = NodePath("../../../../LeftFoot")
settings/1/target_node = NodePath("../../../../RightFoot")
settings/0/root_bone_name = "thigh.L"
settings/0/root_bone = 10
settings/0/end_bone_name = "foot.L"
settings/0/end_bone = 12
settings/0/extend_end_bone = true
settings/0/end_bone/direction = 3
settings/0/end_bone/length = 0.235
settings/0/joint_count = 3
settings/1/root_bone_name = "thigh.R"
settings/1/root_bone = 13
settings/1/end_bone_name = "foot.R"
settings/1/end_bone = 15
settings/1/extend_end_bone = true
settings/1/end_bone/direction = 3
settings/1/end_bone/length = 0.221
settings/1/joint_count = 3
settings/0/joints/0/rotation_axis = 3
settings/0/joints/0/limitation = SubResource("JointLimitationCone3D_1r01a")
settings/0/joints/0/limitation/right_axis = 0
settings/0/joints/0/limitation/rotation_offset = Quaternion(0, 0, 0, 1)
settings/0/joints/1/rotation_axis = 4
settings/0/joints/1/rotation_axis_vector = Vector3(1, 0, 0.5)
settings/0/joints/1/limitation = SubResource("JointLimitationCone3D_c0nqx")
settings/0/joints/1/limitation/right_axis = 1
settings/0/joints/1/limitation/rotation_offset = Quaternion(1, 0, 0, 1)
settings/0/joints/2/rotation_axis = 0
settings/0/joints/2/limitation = SubResource("JointLimitationCone3D_3e17n")
settings/0/joints/2/limitation/right_axis = 1
settings/0/joints/2/limitation/rotation_offset = Quaternion(0, 0, 0, 1)
settings/1/joints/0/rotation_axis = 3
settings/1/joints/0/limitation = SubResource("JointLimitationCone3D_1r01a")
settings/1/joints/0/limitation/right_axis = 0
settings/1/joints/0/limitation/rotation_offset = Quaternion(0, 0, 0, 1)
settings/1/joints/1/rotation_axis = 4
settings/1/joints/1/rotation_axis_vector = Vector3(1, 0, -0.5)
settings/1/joints/1/limitation = SubResource("JointLimitationCone3D_c0nqx")
settings/1/joints/1/limitation/right_axis = 1
settings/1/joints/1/limitation/rotation_offset = Quaternion(1, 0, 0, 1)
settings/1/joints/2/rotation_axis = 3
settings/1/joints/2/limitation = SubResource("JointLimitationCone3D_3e17n")
settings/1/joints/2/limitation/right_axis = 1
settings/1/joints/2/limitation/rotation_offset = Quaternion(0, 0, 0, 1)

[node name="HandIK" type="CCDIK3D" parent="OldModel/Armature/Skeleton3D" index="17" unique_id=1000835957]
max_iterations = 6
min_distance = 0.109
angular_delta_limit = 3.141592653589793
setting_count = 2
settings/0/target_node = NodePath("../../../SwingPath/SwingPathFollow/RightHandTarget")
settings/1/target_node = NodePath("../upperspine/LeftHandTarget")
settings/0/root_bone_name = "spine"
settings/0/root_bone = 1
settings/0/end_bone_name = "hand.R"
settings/0/end_bone = 9
settings/0/extend_end_bone = false
settings/0/joint_count = 5
settings/1/root_bone_name = "upperarm.L"
settings/1/root_bone = 3
settings/1/end_bone_name = "hand.L"
settings/1/end_bone = 5
settings/1/extend_end_bone = false
settings/1/joint_count = 3
settings/0/joints/0/rotation_axis = 3
settings/0/joints/0/limitation = SubResource("JointLimitationCone3D_uebvp")
settings/0/joints/0/limitation/right_axis = 0
settings/0/joints/0/limitation/rotation_offset = Quaternion(0, 0, 0, 1)
settings/0/joints/1/rotation_axis = 3
settings/0/joints/1/limitation = SubResource("JointLimitationCone3D_j3e7b")
settings/0/joints/1/limitation/right_axis = 0
settings/0/joints/1/limitation/rotation_offset = Quaternion(0, 0, 0, 1)
settings/0/joints/2/rotation_axis = 3
settings/0/joints/2/limitation = SubResource("JointLimitationCone3D_m6jr0")
settings/0/joints/2/limitation/right_axis = 0
settings/0/joints/2/limitation/rotation_offset = Quaternion(0, 0, 0.655, 1)
settings/0/joints/3/rotation_axis = 3
settings/0/joints/3/limitation = SubResource("JointLimitationCone3D_3fbqc")
settings/0/joints/3/limitation/right_axis = 0
settings/0/joints/3/limitation/rotation_offset = Quaternion(-0.705, 0, 0, 1)
settings/0/joints/4/rotation_axis = 3
settings/0/joints/4/limitation = null
settings/1/joints/0/rotation_axis = 3
settings/1/joints/0/limitation = null
settings/1/joints/1/rotation_axis = 3
settings/1/joints/1/limitation = null
settings/1/joints/2/rotation_axis = 3
settings/1/joints/2/limitation = null

[node name="AnimationPlayer" parent="OldModel" index="1"]
libraries/ = SubResource("AnimationLibrary_j3e7b")

[node name="SwingPath" type="Path3D" parent="OldModel" unique_id=661374351]
curve = SubResource("Curve3D_uebvp")
metadata/_edit_lock_ = true

[node name="SwingPathFollow" type="PathFollow3D" parent="OldModel/SwingPath" unique_id=1034746286]
transform = Transform3D(0.4543583, 0.6207049, -0.63921, -0.77861863, 0.6252552, 0.053846106, 0.43298355, 0.4730273, 0.7675947, 1.4660172, 1.9343733, 0.024543889)
progress = 1.1021966

[node name="RightHandTarget" type="Node3D" parent="OldModel/SwingPath/SwingPathFollow" unique_id=1581826342]
transform = Transform3D(0.9999997, 0, 0, 0, 1, 0, 0, 0, 1, 0, 0, 0)
metadata/_edit_group_ = true

[node name="debug" type="MeshInstance3D" parent="OldModel/SwingPath/SwingPathFollow/RightHandTarget" unique_id=1764114094]
transform = Transform3D(0.81, 0, 0, 0, 0.81, 0, 0, 0, 0.81, 0, 0, 0)
mesh = SubResource("SphereMesh_cwoyp")
surface_material_override/0 = SubResource("StandardMaterial3D_uebvp")

[node name="SwingCenter" type="Node3D" parent="OldModel" unique_id=743549342]
transform = Transform3D(1, 0, 0, 0, 1, 0, 0, 0, 1, 0.7173201, 6.009262, -0.08649877)
metadata/_edit_group_ = true

[node name="debug" type="MeshInstance3D" parent="OldModel/SwingCenter" unique_id=607053555]
transform = Transform3D(0.81, 0, 0, 0, 0.81, 0, 0, 0, 0.81, 0, 0, 0)
mesh = SubResource("SphereMesh_cwoyp")
surface_material_override/0 = SubResource("StandardMaterial3D_m6jr0")

[node name="SwingEnd" type="Node3D" parent="OldModel" unique_id=1422545649]
transform = Transform3D(1, 0, 0, 0, 1, 0, 0, 0, 1, -1.5446768, 3.779714, -1.0884207)
metadata/_edit_group_ = true

[node name="debug" type="MeshInstance3D" parent="OldModel/SwingEnd" unique_id=1932450449]
transform = Transform3D(0.81, 0, 0, 0, 0.81, 0, 0, 0, 0.81, 0, 0, 0)
mesh = SubResource("SphereMesh_cwoyp")
surface_material_override/0 = SubResource("StandardMaterial3D_1r01a")

[node name="SwingStart" type="Node3D" parent="OldModel" unique_id=890736920]
transform = Transform3D(1, 0, 0, 0, 1, 0, 0, 0, 1, 3.3187003, 7.9041266, 0.20716763)
metadata/_edit_group_ = true

[node name="debug" type="MeshInstance3D" parent="OldModel/SwingStart" unique_id=1431647300]
transform = Transform3D(0.81, 0, 0, 0, 0.81, 0, 0, 0, 0.81, 0, 0, 0)
mesh = SubResource("SphereMesh_cwoyp")
surface_material_override/0 = SubResource("StandardMaterial3D_3fbqc")

[node name="LeftFoot" type="Node3D" parent="." unique_id=1345590147]
transform = Transform3D(1, 0, 0, 0, 1, 0, 0, 0, 1, -0.5788558, 0.11753559, -0.4710064)
metadata/_edit_group_ = true

[node name="debug" type="MeshInstance3D" parent="LeftFoot" unique_id=10563328]
transform = Transform3D(1.92, 0, 0, 0, 1.92, 0, 0, 0, 1.92, 0, 0, 0)
mesh = SubResource("BoxMesh_m6jr0")

[node name="RightFoot" type="Node3D" parent="." unique_id=2059347641]
transform = Transform3D(1, 0, 0, 0, 1, 0, 0, 0, 1, -0.18473347, 0.1080795, -0.4709764)
metadata/_edit_group_ = true

[node name="debug" type="MeshInstance3D" parent="RightFoot" unique_id=2044269860]
transform = Transform3D(1.92, 0, 0, 0, 1.92, 0, 0, 0, 1.92, 0, 0, 0)
mesh = SubResource("BoxMesh_m6jr0")

[node name="FootTracker" type="Node3D" parent="." unique_id=656936007]
transform = Transform3D(1, 4.1472958e-10, 9.313226e-10, 3.3833203e-10, 0.99999976, 9.313226e-10, -1.3969839e-09, 0, 0.9999999, 0.003249203, 0.13728851, -0.0007630952)

[node name="Holder" type="Node3D" parent="FootTracker" unique_id=861974782]
transform = Transform3D(0.99969566, 0.023886332, -0.0061672702, -0.0236202, 0.99891526, 0.04011989, 0.0071189003, -0.039961994, 0.9991758, 0, 0, 0)

[node name="debug" type="MeshInstance3D" parent="FootTracker/Holder" unique_id=1084559009]
mesh = SubResource("BoxMesh_uebvp")

[node name="LeftFootTrack" type="Node3D" parent="FootTracker/Holder" unique_id=74260201]
transform = Transform3D(0.77197784, -0.030892907, 0, 0.020124715, 0.99954325, 0, -0.6353352, -0.0058758226, 0, -0.19407384, 0.00014384091, -1.8025748e-06)

[node name="debug" type="MeshInstance3D" parent="FootTracker/Holder/LeftFootTrack" unique_id=502531322]
transform = Transform3D(1, 0, 0, 0, 1, 0, 0, 0, 1, 0, 0, -0.5067749)
mesh = SubResource("BoxMesh_1r01a")

[node name="Tip" type="Node3D" parent="FootTracker/Holder/LeftFootTrack" unique_id=583808676]
transform = Transform3D(1, 0, 0, 0, 1, 0, 0, 0, 1, 0, 0, -3.698)

[node name="debug" type="MeshInstance3D" parent="FootTracker/Holder/LeftFootTrack/Tip" unique_id=320115512]
transform = Transform3D(0.298, 0, 0, 0, 0.298, 0, 0, 0, 0.298, 0, 0, 0)
mesh = SubResource("SphereMesh_cwoyp")
surface_material_override/0 = SubResource("StandardMaterial3D_cwoyp")

[node name="LeftFootPath" type="Path3D" parent="FootTracker/Holder/LeftFootTrack" unique_id=771899845]
visible = false
curve = SubResource("Curve3D_j3e7b")

[node name="LeftPF" type="PathFollow3D" parent="FootTracker/Holder/LeftFootTrack/LeftFootPath" unique_id=501492568]
transform = Transform3D(-4.370412e-08, 0.999982, -4.370412e-08, 0, -4.3710603e-08, -0.9998337, -0.9998337, -4.3710603e-08, 1.9103678e-15, 2.6226044e-06, -0.010840476, 2.7390952)

[node name="RightFootTrack" type="Node3D" parent="FootTracker/Holder" unique_id=1894514497]
transform = Transform3D(0.77197784, -0.030892907, 0, 0.020124715, 0.99954325, 0, -0.6353352, -0.0058758226, 0, 0.2001442, -2.1010637e-06, 1.10361725e-07)

[node name="debug" type="MeshInstance3D" parent="FootTracker/Holder/RightFootTrack" unique_id=1408829163]
transform = Transform3D(1, 0, 0, 0, 1, 0, 0, 0, 1, 0, 0, -0.5067749)
mesh = SubResource("BoxMesh_1r01a")

[node name="Tip" type="Node3D" parent="FootTracker/Holder/RightFootTrack" unique_id=1745299917]
transform = Transform3D(1, 0, 0, 0, 1, 0, 0, 0, 1, 0, 0, -3.697831)

[node name="debug" type="MeshInstance3D" parent="FootTracker/Holder/RightFootTrack/Tip" unique_id=1709235037]
transform = Transform3D(0.298, 0, 0, 0, 0.298, 0, 0, 0, 0.298, 0, 0, 0)
mesh = SubResource("SphereMesh_cwoyp")
surface_material_override/0 = SubResource("StandardMaterial3D_gy5hj")

[node name="RightFootPath" type="Path3D" parent="FootTracker/Holder/RightFootTrack" unique_id=1504790537]
visible = false
curve = SubResource("Curve3D_j3e7b")

[node name="RightPF" type="PathFollow3D" parent="FootTracker/Holder/RightFootTrack/RightFootPath" unique_id=706088320]
transform = Transform3D(-4.370428e-08, 0.9999818, -4.370428e-08, 0, -4.3710592e-08, -0.99983734, -0.99983734, -4.3710592e-08, 1.9103746e-15, 2.6226044e-06, -0.010840476, 2.7390952)

[node name="RHBase" type="Node3D" parent="." unique_id=1489644373]
transform = Transform3D(1, 0, 0, 0, 1, 0, 0, 0, 1, 0.21735764, 1.9243774, 0)

[node name="TorsoTarget" type="Node3D" parent="." unique_id=897762053]
transform = Transform3D(0.9990735, 0.005705375, 0.042656034, -0.023844173, 0.89851743, 0.43828958, -0.03582659, -0.43890077, 0.8978208, 0.21735568, 1.9242083, 1.03376806e-07)

[node name="Reset" type="Timer" parent="." unique_id=2142176493]
process_callback = 0
one_shot = true

[node name="Reset2" type="Timer" parent="." unique_id=1690515112]
process_callback = 0
wait_time = 2.0
one_shot = true

[node name="Step" type="Timer" parent="." unique_id=802305049]
wait_time = 0.6549999345000065
one_shot = true

[node name="MeshInstance3D" type="MeshInstance3D" parent="." unique_id=713233208]
transform = Transform3D(1, 0, 0, 0, 1, 0, 0, 0, 1, 0, 1.9635925, 0)
visible = false
material_override = SubResource("StandardMaterial3D_4uij5")
mesh = SubResource("CapsuleMesh_kbb0h")

[node name="AimTarget" type="MeshInstance3D" parent="." unique_id=1806336660]
transform = Transform3D(1, 4.110916e-10, 4.656613e-10, 3.4197e-10, 0.9999999, 4.656613e-10, -4.656613e-10, 0, 0.99999994, 0, -3.7252903e-09, -3.988599)
visible = false
mesh = SubResource("SphereMesh_uebvp")
surface_material_override/0 = SubResource("StandardMaterial3D_xfmme")

[connection signal="timeout" from="Reset" to="." method="make_step"]
[connection signal="timeout" from="Reset2" to="." method="make_step"]
[connection signal="timeout" from="Step" to="." method="make_step"]

[editable path="Model"]
[editable path="OldModel"]
