[gd_scene load_steps=21 format=3 uid="uid://bwid2mwtukslq"]

[ext_resource type="Texture2D" uid="uid://bnkshmj5fmynw" path="res://light_path.png" id="1_e688o"]
[ext_resource type="Script" uid="uid://is7yvnfi002n" path="res://Scenes/main_3d.gd" id="1_idrat"]
[ext_resource type="Script" uid="uid://bdlpxi8lsg3kh" path="res://Scripts/enemy3d.gd" id="1_kjbku"]
[ext_resource type="Script" uid="uid://c7t6ujtiquk82" path="res://Scripts/player3d.gd" id="1_nnj57"]
[ext_resource type="Script" uid="uid://bomtf6r3iodrs" path="res://l.gd" id="2_7p81r"]
[ext_resource type="PackedScene" uid="uid://cfx0dwkmulm7a" path="res://Scenes/enemy_model.tscn" id="2_aftg3"]
[ext_resource type="Texture2D" uid="uid://63nemp80iuqn" path="res://icon.svg" id="3_aftg3"]
[ext_resource type="Texture2D" uid="uid://dw23006j0q24a" path="res://bar.tres" id="8_3osc8"]

[sub_resource type="CapsuleShape3D" id="CapsuleShape3D_e688o"]
radius = 0.33984375
height = 2.0140147

[sub_resource type="CapsuleShape3D" id="CapsuleShape3D_kjbku"]
radius = 0.33984375
height = 2.0140147

[sub_resource type="SphereMesh" id="SphereMesh_nnj57"]
radius = 0.2
height = 0.4

[sub_resource type="StandardMaterial3D" id="StandardMaterial3D_7p81r"]

[sub_resource type="StandardMaterial3D" id="StandardMaterial3D_nh568"]
albedo_color = Color(1, 0, 0, 1)

[sub_resource type="Environment" id="Environment_nnj57"]

[sub_resource type="NavigationMesh" id="NavigationMesh_e688o"]
vertices = PackedVector3Array(-33.818718, 0.38505602, -2.068718, -4.318718, 0.38505602, -2.068718, -4.068718, 0.38505602, -3.318718, -2.068718, 0.38505602, -33.818718, -33.818718, 0.38505602, -33.818718, -2.068718, 0.38505602, -3.318718, 6.681282, 0.38505602, -3.318718, 6.681282, 0.38505602, -33.818718, 8.681282, 0.38505602, -3.318718, 8.931282, 0.38505602, -2.068718, 33.931282, 0.38505602, -2.068718, 33.931282, 0.38505602, -33.818718, -4.068718, 0.38505602, -1.068718, -33.818718, 0.38505602, 33.931282, -2.068718, 0.38505602, 33.931282, -2.068718, 0.38505602, -1.068718, 8.681282, 0.38505602, -1.068718, 6.681282, 0.38505602, 33.931282, 33.931282, 0.38505602, 33.931282, 6.681282, 0.38505602, -1.068718)
polygons = [PackedInt32Array(1, 0, 2), PackedInt32Array(2, 0, 4), PackedInt32Array(2, 4, 3), PackedInt32Array(3, 5, 2), PackedInt32Array(3, 7, 5), PackedInt32Array(5, 7, 6), PackedInt32Array(9, 8, 10), PackedInt32Array(10, 8, 11), PackedInt32Array(11, 8, 7), PackedInt32Array(8, 6, 7), PackedInt32Array(1, 12, 0), PackedInt32Array(0, 12, 13), PackedInt32Array(13, 12, 14), PackedInt32Array(12, 15, 14), PackedInt32Array(9, 10, 16), PackedInt32Array(16, 10, 18), PackedInt32Array(16, 18, 17), PackedInt32Array(17, 19, 16), PackedInt32Array(15, 19, 14), PackedInt32Array(14, 19, 17)]

[sub_resource type="StandardMaterial3D" id="StandardMaterial3D_kjbku"]
albedo_texture = ExtResource("3_aftg3")

[sub_resource type="PlaneMesh" id="PlaneMesh_e688o"]
material = SubResource("StandardMaterial3D_kjbku")

[sub_resource type="WorldBoundaryShape3D" id="WorldBoundaryShape3D_nnj57"]

[sub_resource type="BoxMesh" id="BoxMesh_7p81r"]

[sub_resource type="BoxShape3D" id="BoxShape3D_nh568"]

[node name="Main3d" type="Node3D"]
script = ExtResource("1_idrat")

[node name="SpotLight3D" type="SpotLight3D" parent="."]
transform = Transform3D(1, 0, 0, 0, 0.8660254, 0.5, 0, -0.5, 0.8660254, 1.3931885, 3.822815, 4.747925)
visible = false
light_color = Color(1, 0, 0, 1)
light_projector = ExtResource("1_e688o")
shadow_enabled = true
spot_range = 10.457

[node name="OmniLight3D2" type="OmniLight3D" parent="."]
transform = Transform3D(1, 0, 0, 0, 1, 0, 0, 0, 1, 2, 0, 1.3178711)
light_color = Color(1, 0, 0, 1)
light_projector = ExtResource("1_e688o")
shadow_enabled = true
omni_range = 14.345348
omni_shadow_mode = 0
script = ExtResource("2_7p81r")

[node name="Enemy" type="CharacterBody3D" parent="."]
transform = Transform3D(1, 0, 0, 0, 1, 0, 0, 0, 1, 6.9088135, 0, 0.9156494)
script = ExtResource("1_kjbku")
metadata/_edit_group_ = true

[node name="Root" parent="Enemy" instance=ExtResource("2_aftg3")]

[node name="hand_L" parent="Enemy/Root/robot/Armature/Skeleton3D" index="0"]
transform = Transform3D(-0.60237485, -0.79613334, -0.0575798, 0.79680157, -0.59545565, -0.102659985, 0.047444798, -0.10771954, 0.9930485, -3.9109304, -0.21625704, 0.38549882)

[node name="forearm_L" parent="Enemy/Root/robot/Armature/Skeleton3D" index="1"]
transform = Transform3D(-0.65370435, -0.75614, -0.030367851, 0.7556175, -0.6500066, -0.08082636, 0.04137671, -0.07578306, 0.9962654, -2.6235578, 0.89041704, 0.51452386)

[node name="upperarm_L" parent="Enemy/Root/robot/Armature/Skeleton3D" index="2"]
transform = Transform3D(-0.55209464, -0.8310451, 0.067490175, 0.81888056, -0.5556835, -0.14370051, 0.15692481, -0.02406992, 0.98731714, -1.2997522, 1.7755868, 0.55286574)

[node name="hand_R" parent="Enemy/Root/robot/Armature/Skeleton3D" index="4"]
transform = Transform3D(-0.5422562, 0.7878203, 0.2920571, -0.83981836, -0.49754775, -0.21714453, -0.025758535, -0.3630228, 0.931424, 3.871808, -0.11664957, -0.0069589615)

[node name="forearm_R" parent="Enemy/Root/robot/Armature/Skeleton3D" index="5"]
transform = Transform3D(-0.59178144, 0.7766844, 0.21576834, -0.8060785, -0.56829214, -0.16517183, -0.0056669265, -0.27167183, 0.96237326, 2.549458, 0.85090035, 0.4555779)

[node name="upperarm_R" parent="Enemy/Root/robot/Armature/Skeleton3D" index="6"]
transform = Transform3D(-0.5766812, 0.80444753, 0.1424883, -0.8043068, -0.5896298, 0.07367172, 0.14328034, -0.07211924, 0.9870509, 1.2680218, 1.7901452, 0.57045954)

[node name="CollisionShape3D2" type="CollisionShape3D" parent="Enemy"]
transform = Transform3D(1, 0, 0, 0, 1, 0, 0, 0, 1, 0, 1.0070074, 0)
shape = SubResource("CapsuleShape3D_e688o")

[node name="NavigationAgent3D" type="NavigationAgent3D" parent="Enemy"]
target_desired_distance = 2.61

[node name="FollowDelay" type="Timer" parent="Enemy"]
wait_time = 0.3
one_shot = true

[node name="BurstDelay" type="Timer" parent="Enemy"]
one_shot = true

[node name="Player" type="CharacterBody3D" parent="."]
transform = Transform3D(1, 0, 0, 0, 1, 0, 0, 0, 1, 0.31225586, 0, 0.23129272)
axis_lock_angular_x = true
axis_lock_angular_z = true
script = ExtResource("1_nnj57")
max_health = 500.0
metadata/_edit_group_ = true

[node name="Root" parent="Player" instance=ExtResource("2_aftg3")]

[node name="CollisionShape3D" type="CollisionShape3D" parent="Player"]
transform = Transform3D(1, 0, 0, 0, 1, 0, 0, 0, 1, 0, 0.99107456, 0)
shape = SubResource("CapsuleShape3D_kjbku")

[node name="Camera3D" type="Camera3D" parent="Player"]
transform = Transform3D(1, 0, 0, 0, 0.49999997, 0.86602545, 0, -0.86602545, 0.49999997, 0, 17.45824, 9.521374)
projection = 1
fov = 64.0
size = 11.001

[node name="Mouse" type="MeshInstance3D" parent="Player"]
transform = Transform3D(1, 0, 0, 0, 1, 0, 0, 0, 1, 4.009094, 0, 1.30896)
top_level = true
mesh = SubResource("SphereMesh_nnj57")
skeleton = NodePath("../..")
surface_material_override/0 = SubResource("StandardMaterial3D_7p81r")

[node name="shot" type="MeshInstance3D" parent="Player"]
transform = Transform3D(1, 0, 0, 0, 1, 0, 0, 0, 1, 1.6799316, 0, 1.1689453)
top_level = true
mesh = SubResource("SphereMesh_nnj57")
skeleton = NodePath("../..")
surface_material_override/0 = SubResource("StandardMaterial3D_nh568")

[node name="WorldEnvironment" type="WorldEnvironment" parent="."]
environment = SubResource("Environment_nnj57")

[node name="OmniLight3D" type="OmniLight3D" parent="."]
transform = Transform3D(1, 0, 0, 0, 1, 0, 0, 0, 1, 0, 5.8918457, 0)
light_color = Color(1, 0.946, 0.64, 1)
light_energy = 4.097
shadow_enabled = true
shadow_opacity = 0.41
shadow_blur = 5.861
omni_range = 20.706
omni_attenuation = 2.0
omni_shadow_mode = 0

[node name="NavigationRegion3D" type="NavigationRegion3D" parent="."]
navigation_mesh = SubResource("NavigationMesh_e688o")

[node name="ground" type="MeshInstance3D" parent="NavigationRegion3D"]
transform = Transform3D(34.318718, 0, 0, 0, 34.318718, 0, 0, 0, 34.318718, 0, 0, 0)
mesh = SubResource("PlaneMesh_e688o")
skeleton = NodePath("../..")

[node name="StaticBody3D" type="StaticBody3D" parent="NavigationRegion3D/ground"]
collision_layer = 3

[node name="CollisionShape3D" type="CollisionShape3D" parent="NavigationRegion3D/ground/StaticBody3D"]
shape = SubResource("WorldBoundaryShape3D_nnj57")

[node name="wall" type="MeshInstance3D" parent="NavigationRegion3D"]
transform = Transform3D(11.8853655, 0, 0, 0, 4.729888, 0, 0, 0, 1, 2.3312988, 1.2175294, -2.1846924)
mesh = SubResource("BoxMesh_7p81r")
skeleton = NodePath("../..")

[node name="StaticBody3D" type="StaticBody3D" parent="NavigationRegion3D/wall"]

[node name="CollisionShape3D" type="CollisionShape3D" parent="NavigationRegion3D/wall/StaticBody3D"]
shape = SubResource("BoxShape3D_nh568")

[node name="NavigationObstacle3D" type="NavigationObstacle3D" parent="NavigationRegion3D/wall"]

[node name="CanvasLayer" type="CanvasLayer" parent="."]

[node name="HBoxContainer" type="HBoxContainer" parent="CanvasLayer"]
anchors_preset = 10
anchor_right = 1.0
grow_horizontal = 2

[node name="Control" type="Control" parent="CanvasLayer"]
layout_mode = 3
anchors_preset = 0

[node name="HP" type="TextureProgressBar" parent="CanvasLayer/Control"]
layout_mode = 0
offset_left = -176.0
offset_top = 177.0
offset_right = 324.0
offset_bottom = 327.0
rotation = -0.7853982
max_value = 1.0
step = 0.01
value = 1.0
fill_mode = 2
texture_progress = ExtResource("8_3osc8")
tint_progress = Color(0.48000002, 1, 0.5926667, 1)

[node name="Control2" type="Control" parent="CanvasLayer"]
layout_mode = 3
anchors_preset = 0
offset_left = 1201.0
offset_top = -1.0
offset_right = 1201.0
offset_bottom = -1.0

[node name="Energy" type="TextureProgressBar" parent="CanvasLayer/Control2"]
layout_mode = 0
offset_left = -160.0
offset_top = -158.0
offset_right = 340.0
offset_bottom = -8.0
rotation = 0.7853982
max_value = 1.0
step = 0.01
value = 1.0
fill_mode = 2
texture_progress = ExtResource("8_3osc8")
tint_progress = Color(0.43, 0.981, 1, 1)

[connection signal="has_fired" from="Enemy/Root/RHBase/RightHandTarget/GunHolder/Gun" to="Enemy" method="_on_gun_has_fired"]
[connection signal="timeout" from="Enemy/FollowDelay" to="Enemy" method="_on_follow_delay_timeout"]
[connection signal="timeout" from="Enemy/BurstDelay" to="Enemy" method="_on_burst_delay_timeout"]

[editable path="Enemy/Root"]
[editable path="Enemy/Root/robot"]
